3904353539,3660444046,3215546249,1174007091,3682534472,1985021742,2252220155,573009817,3815441694,1154659075,3680519929,1898011028,995849303,1372559040,1016045019,2164370282
390613756,634523249,1079421046,3120960204,612432823,2309945553,2042747140,3721957478,479525601,3140308220,614447366,2396956267,3299117992,2922408255,3278922276,2130597013
1332930084,1285088410,1541946998,258692556,3048177782,3797220310,1615894354,3000474665,1192549182,2529138130,4247723391,2753416566,2865980963,3688435205,324370155,1881084855
2962037211,3009878885,2753020297,4036274739,1246789513,497746985,2679072941,1294492630,3102418113,1765829165,47243904,1541550729,1428986332,606532090,3970597140,2413882440
4201314625,3782068370,3846168398,3987552220,4079128951,1378417064,2378105641,263248772,742476887,3691502806,1841896425,3351542956,3414364821,3477199334,4255742762,1721483082
93652670,512898925,448798897,307415075,215838344,2916550231,1916861654,4031718523,3552490408,603464489,2453070870,943424339,880602474,817767961,39224533,2573484213
814100390,1902146802,3176046035,2399091890,1463208185,92710365,2659531361,1718794067,1587520840,3729502869,12009796,948537573,2545045730,1070094599,1246115301,3634420483
3480866905,2392820493,1118921260,1895875405,2831759110,4202256930,1635435934,2576173228,2707446455,565464426,4282957499,3346429722,1749921565,3224872696,3048851994,660546812
870606219,313979263,1528444711,4071472936,479688316,2900198792,499320138,414694711,8825400,150225758,892443170,4224273794,379254728,1963786936,4071897278,1799332573
3424361076,3980988032,2766522584,223494359,3815278979,1394768503,3795647157,3880272584,4286141895,4144741537,3402524125,70693501,3915712567,2331180359,223070017,2495634722
2511147464,150134735,3084069888,2688958513,3858340692,1352911485,2460456269,608675118,3180640650,2863234322,820287830,3852423986,2140751790,601574897,3371164215,3986940373
1783819831,4144832560,1210897407,1606008782,436626603,2942055810,1834511026,3686292177,1114326645,1431732973,3474679465,442543309,2154215505,3693392398,923803080,308026922
1795743362,2033555157,1103813720,4057786292,1069893963,2179149809,556136261,3391102251,3425915851,2940665196,1768366538,454892032,4192983652,2302450064,2711573952,2771345397
2499223933,2261412138,3191153575,237181003,3225073332,2115817486,3738831034,903865044,869051444,1354302099,2526600757,3840075263,101983643,1992517231,1583393343,1523621898
2278996851,2112576380,3626133141,667223179,3870934985,921108027,3704763886,3744984564,1570334488,2370177073,1701936063,2809693515,118497752,3757816828,2100250500,2944726169
2015970444,2182390915,668834154,3627744116,424032310,3373859268,590203409,549982731,2724632807,1924790222,2593031232,1485273780,4176469543,537150467,2194716795,1350241126
246925100,196342041,1656669843,1257305239,334611071,3207112540,1746383937,1297122824,3224011835,3334587724,127236792,625721183,985264386,2970178208,2878369729,2591168094
4048042195,4098625254,2638297452,3037662056,3960356224,1087854755,2548583358,2997844471,1070955460,960379571,4167730503,3669246112,3309702909,1324789087,1416597566,1703799201
3135278755,1283370229,1882460346,429227722,280391950,2149304488,1124787079,1198012039,4155599140,3236583244,776640996,2684053675,2976342227,3824639687,1884361784,2970304014
1159688540,3011597066,2412506949,3865739573,4014575345,2145662807,3170180216,3096955256,139368155,1058384051,3518326299,1610913620,1318625068,470327608,2410605511,1324663281
2741178735,2202952780,1905447286,2615772737,1039189789,2899919550,1107634874,2448095940,2643031312,2468642987,1305289447,3161508957,2281391265,4131892595,788034526,224621864
1553788560,2092014515,2389520009,1679194558,3255777506,1395047745,3187332421,1846871355,1651935983,1826324308,2989677848,1133458338,2013576030,163074700,3506932769,4070345431
3706483534,634640699,2045128290,2766860509,3837554744,3083588891,1660162312,4129092572,3244834991,2373597423,2588037128,587803872,678053962,3302704332,2023041343,3304676716
588483761,3660326596,2249839005,1528106786,457412551,1211378404,2634804983,165874723,1050132304,1921369872,1706930167,3707163423,3616913333,992262963,2271925952,990290579
396674523,3788651317,3069339171,4238875550,2055771533,447324814,2878182283,1865636132,4256310159,1828740453,658772633,4044190490,842051598,2254848248,1354321785,780593776
3898292772,506315978,1225628124,56091745,2239195762,3847642481,1416785012,2429331163,38657136,2466226842,3636194662,250776805,3452915697,2040119047,2940645510,3514373519
3863623983,3791786215,808829777,289744188,791227850,514724974,1694145959,1701302282,103708580,2850170785,3331735426,2074654449,2032510222,442379611,2041036726,1063853917
431343312,503181080,3486137518,4005223107,3503739445,3780242321,2600821336,2593665013,4191258715,1444796510,963231869,2220312846,2262457073,3852587684,2253930569,3231113378
1776244476,1936489403,1512816678,2923666929,2454215118,2269171999,1988914100,2297459003,213611858,1251714038,2252091507,966697748,3240789512,1103815184,3107930965,1991098111
2518722819,2358477892,2782150617,1371300366,1840752177,2025795296,2306053195,1997508292,4081355437,3043253257,2042875788,3328269547,1054177783,3191152111,1187036330,2303869184
2220032856,541088095,1233290906,1755045071,4211397120,479223916,3873891617,489435731,2036135835,1188083676,2915016577,2533152897,161678086,2769316807,2670210229,2730611574
2074934439,3753879200,3061676389,2539922224,83570175,3815743379,421075678,3805531564,2258831460,3106883619,1379950718,1761814398,4133289209,1525650488,1624757066,1564355721
2061184107,3471760558,2881949336,4041179995,1234083851,623976605,2166015605,1052471798,930662860,3212164758,2375518417,716622149,189328440,1631489458,955844656,2606672456
2233783188,823206737,1413017959,253787300,3060883444,3670990690,2128951690,3242495497,3364304435,1082802537,1919448878,3578345146,4105638855,2663477837,3339122639,1688294839
29616262,3221548516,2049275835,1067010948,3141988150,1503980045,1055462673,3743548086,2771232321,1500893630,2266184441,749465369,3357611962,2984613196,3093837653,2093873069
4265351033,1073418779,2245691460,3227956347,1152979145,2790987250,3239504622,551419209,1523734974,2794073665,2028782854,3545501926,937355333,1310354099,1201129642,2201094226
1371518539,3682585658,1444430016,270126042,432210014,3205561082,1549818626,2083909396,1600144718,1952746770,1244320280,489292498,1324679083,2777615011,567692957,1944619379
2923448756,612381637,2850537279,4024841253,3862757281,1089406213,2745148669,2211057899,2694822577,2342220525,3050647015,3805674797,2970288212,1517352284,3727274338,2350347916
1254541867,959573372,4088062096,1728401892,238955128,3898130381,2655574668,4095208768,3578142765,146939274,1306203161,4082072751,4239875002,4006005040,1946248278,4089551564
3040425428,3335393923,206905199,2566565403,4056012167,396836914,1639392627,199758527,716824530,4148028021,2988764134,212894544,55092293,288962255,2348719017,205415731
3874324486,1464564072,1866850331,428362373,2961351250,88378218,412719361,497170845,1692533380,3313446383,892880505,661304662,4079140881,593092988,990643747,634487927
420642809,2830403223,2428116964,3866604922,1333616045,4206589077,3882247934,3797796450,2602433915,981520912,3402086790,3633662633,215826414,3701874307,3304323548,3660479368
340024648,26117035,2857461911,4013896612,1132348175,43698268,3714055562,1061746528,2779789570,2421088964,3454085932,912925159,3255090811,1311953331,1905890962,3621443997
3954942647,4268850260,1437505384,281070683,3162619120,4251269027,580911733,3233220767,1515177725,1873878331,840881363,3382042136,1039876484,2983013964,2389076333,673523298
2354755617,505554939,114755877,1998751867,484679192,3256129099,3322866618,244924740,2659014115,1378692546,919437006,1232780791,989444351,3787213020,1988011262,1750356751
1940211678,3789412356,4180211418,2296215428,3810288103,1038838196,972100677,4050042555,1635953180,2916274749,3375530289,3062186504,3305522944,507754275,2306956033,2544610544
1169540654,671780845,1347461707,2350958630,189443652,2342249701,3620003154,2092715578,148933423,1689522385,592489526,341231062,2795483907,410516620,721709663,3788740602
3125426641,3623186450,2947505588,1944008665,4105523643,1952717594,674964141,2202251717,4146033872,2605444910,3702477769,3953736233,1499483388,3884450675,3573257632,506226693
2887433080,4108731854,2731541591,3231386147,2084870902,1441604400,877303739,2325050933,2261912180,1288354649,2801532783,1325065981,2502412567,2953099474,2804341149,2035442281
1407534215,186235441,1563425704,1063581148,2210096393,2853362895,3417663556,1969916362,2033055115,3006612646,1493434512,2969901314,1792554728,1341867821,1490626146,2259525014
1755703797,1806198119,1138262804,3034178780,3855236535,3299842691,1835045190,309865066,2596283593,1291323498,3021071514,2757570036,1204220735,2338227576,839261053,3323614415
2539263498,2488769176,3156704491,1260788515,439730760,995124604,2459922105,3985102229,1698683702,3003643797,1273895781,1537397259,3090746560,1956739719,3455706242,971352880
1212351271,1516580795,3312139702,4189133698,1927947306,992353983,3766714468,747290228,3603927419,3420716601,3400087560,4066116464,3148860628,592061298,2471820824,1088449768
3082616024,2778386500,982827593,105833597,2367019989,3302613312,528252827,3547677067,691039876,874250694,894879735,228850831,1146106667,3702905997,1823146471,3206517527
3309116485,2759508912,2025010429,1341644392,3756609360,1456774023,3887493856,3658174985,321032825,594848311,2710707509,3630922329,1186925012,119704731,3723738692,534164670
985850810,1535458383,2269956866,2953322903,538357935,2838193272,407473439,636792310,3973934470,3700118984,1584259786,664044966,3108042283,4175262564,571228603,3760802625
1037324436,3848753346,2260465053,786186603,1160535081,2922361464,1261348259,3004063722,1013340972,3953741605,174713317,3527591883,869386853,1994707594,3362020660,2221559187
3257642859,446213949,2034502242,3508780692,3134432214,1372605831,3033619036,1290903573,3281626323,341225690,4120253978,767375412,3425580442,2300259701,932946635,2073408108
750640718,2581761255,2943946153,253826148,2789711576,1619642888,915126282,2945855184,757959369,488685323,3424288786,2092856142,2974849469,1204753622,191051182,1158892597
3544326577,1713206040,1351021142,4041141147,1505255719,2675324407,3379841013,1349112111,3537007926,3806281972,870678509,2202111153,1320117826,3090213673,4103916113,3136074698
1806009158,1058266516,1185789105,2420897585,1128940739,2610592959,1572437042,430125840,467921358,1870067050,3496666585,1649804971,1771579634,3278379964,2777256854,756393246
2488958137,3236700779,3109178190,1874069710,3166026556,1684374336,2722530253,3864841455,3827045937,2424900245,798300710,2645162324,2523387661,1016587331,1517710441,3538574049
2952589704,3605613177,365573730,63697944,3926477704,3880353802,3361804627,1726535933,396377676,2645566794,2782305756,1309962440,3286173823,4121917847,602928368,3452072680
1342377591,689354118,3929393565,4231269351,368489591,414613493,933162668,2568431362,3898589619,1649400501,1512661539,2985004855,1008793472,173049448,3692038927,842894615
2980542172,1164295757,1188195022,2429035979,4000543769,2206724138,517954084,2555166905,3700171792,1474602087,1012687914,2380329887,1590014753,2431034085,4231483070,392149477
1314425123,3130671538,3106772273,1865931316,294423526,2088243157,3777013211,1739800390,594795503,2820365208,3282279381,1914637408,2704952542,1863933210,63484225,3902817818
585536197,1197649433,3721483245,1952410611,3516294887,602484241,1001821149,2102994250,3339626614,2515218414,2265144160,2366078919,2892897838,2693668232,1514845409,2574544736
3709431098,3097317862,573484050,2342556684,778672408,3692483054,3293146146,2191973045,955340681,1779748881,2029823135,1928888376,1402069457,1601299063,2780121886,1720422559
57043328,3723042558,2792714777,2743685657,2843434813,4107328335,3915296228,4132837567,1943033092,1119628299,1789599371,2795937828,257603797,3693017756,1748930092,3090247291
4237923967,571924737,1502252518,1551281638,1451532482,187638960,379671067,162129728,2351934203,3175338996,2505367924,1499029467,4037363498,601949539,2546037203,1204720004
977113090,821003159,255267229,234736342,3202049350,3611545088,98743153,773784432,3138838280,878906995,3672127371,2760205692,1816745512,4143721361,2891382248,2092050773
3317854205,3473964136,4039700066,4060230953,1092917945,683422207,4196224142,3521182863,1156129015,3416060300,622839924,1534761603,2478221783,151245934,1403585047,2202916522
4180285294,3834501747,1790865944,566007865,3007460782,3799568161,1199944445,3535228661,1308599710,3704361043,3362825865,3942541261,2184412462,4222054002,2194111131,3298182166
114682001,460465548,2504101351,3728959430,1287506513,495399134,3095022850,759738634,2986367585,590606252,932141430,352426034,2110554833,72913293,2100856164,996785129
1117606380,1425128552,1689765346,4035360596,2937170469,3805596979,1330661242,242821841,3591898338,4271127757,2050859473,2205516656,2785897200,1972260638,673580757,1646670601
3177360915,2869838743,2605201949,259606699,1357796826,489370316,2964306053,4052145454,703068957,23839538,2244107822,2089450639,1509070095,2322706657,3621386538,2648296694
3245289436,381955396,1990431570,3238689712,944004947,1025328195,977380474,544900901,1766369702,3170908518,761984933,3070867560,1947337517,3843772208,1665395445,2139368958
1049677859,3913011899,2304535725,1056277583,3350962348,3269639100,3317586821,3750066394,2528597593,1124058777,3532982362,1224099735,2347629778,451195087,2629571850,2155598337
4113462869,1264130792,1800309355,4078828325,2276719046,536386470,4291242902,983745057,1309893909,1227030805,4119563187,2644527201,478742955,2240969914,2205893057,751071193
181504426,3030836503,2494657940,216138970,2018248249,3758580825,3724393,3311222238,2985073386,3067936490,175404108,1650440094,3816224340,2053997381,2089074238,3543896102
2808431856,1946624389,2530317774,3233912269,400794585,54860896,1057866431,4171759425,729042684,300733857,351812682,4100618286,2724933596,2045662895,27861589,3319828889
1486535439,2348342906,1764649521,1061055026,3894172710,4240106399,3237100864,123207870,3565924611,3994233438,3943154613,194349009,1570033699,2249304400,4267105706,975138406
476194681,3084969824,887020314,2493581964,2950143238,3110388069,1688332093,1333691688,4285208848,2721176771,3700094709,3203689366,921233593,1335019277,896769375,3357948890
3818772614,1209997471,3407946981,1801385331,1344824057,1184579226,2606635202,2961275607,9758447,1573790524,594872586,1091277929,3373733702,2959948018,3398197920,937018405
1399926788,487695059,3323612621,189649428,3068157759,631631371,266328408,995974069,3013917665,738996331,1433965618,2323689985,874040011,2395219935,1363512053,4252059922
2895040507,3807272236,971354674,4105317867,1226809536,3663335924,4028638887,3298993226,1281049630,3555970964,2861001677,1971277310,3420927284,1899747360,2931455242,42907373
2920632184,3457624273,185599041,1990196036,1588154707,2795226323,3083867573,2288038938,573134723,303076030,2163428442,217296434,1009722945,787143559,3476985791,1042715579
1374335111,837343022,4109368254,2304771259,2706812588,1499740972,1211099722,2006928357,3721832572,3991891265,2131538853,4077670861,3285244350,3507823736,817981504,3252251716
1843335659,1198595751,899948768,2567513297,3619360796,3099217682,846632279,2083943166,3979870834,2773700821,344190764,2078270108,2287130464,2179097806,3959861268,3128571313
2451631636,3096371544,3395018527,1727453998,675606499,1195749613,3448335016,2211024129,315096461,1521266474,3950776531,2216697187,2007836831,2115869489,335106027,1166395982
3782984262,1793371833,1035761836,3976093012,1032787207,3078397796,2219948619,3391796461,2521714115,1639941903,3718627329,3572797247,3857678032,2816119389,1303507038,2055183247
511983033,2501595462,3259205459,318874283,3262180088,1216569499,2075018676,903170834,1773253180,2655025392,576339966,722170048,437289263,1478847906,2991460257,2239784048
696644053,3007683008,2932975371,1641435734,90259097,3345555349,2575059395,1422505900,2290977043,1609152491,773911682,569853867,265191836,3620790295,1463872277,2170067970
3598323242,1287284287,1361991924,2653531561,4204708198,949411946,1719907900,2872461395,2003990252,2685814804,3521055613,3725113428,4029775459,674177000,2831095018,2124899325
790050352,1626573338,1514523215,2121142024,208971598,1279642989,1548510084,2529972166,3477273262,1731194361,226202855,574246283,1051906434,1674296381,2233801295,3917950108
3504916943,2668393957,2780444080,2173825271,4085995697,3015324306,2746457211,1764995129,817694033,2563772934,4068764440,3720721012,3243060861,2620670914,2061166000,377017187
2295805107,1183564820,2819473541,636879530,628046243,2943562584,3140516482,1466459875,637295620,2402070462,2878868276,3972022089,2595690344,2919893917,181577834,1218257600
1999162188,3111402475,1475493754,3658087765,3666921052,1351404711,1154450813,2828507420,3657671675,1892896833,1416099019,322945206,1699276951,1375073378,4113389461,3076709695
1084251376,3475721099,369120111,3465565089,121617979,3947160384,1337856226,1079088446,2605019808,3964833822,808709940,2720371341,2093339699,3852897917,1248757587,1896663246
3210715919,819246196,3925847184,829402206,4173349316,347806911,2957111069,3215878849,1689947487,330133473,3486257355,1574595954,2201627596,442069378,3046209708,2398304049
3941713559,3133071821,1609743713,606330503,1428011609,3775260030,2468846616,1413598192,3894532816,4246633240,246935231,1428256973,3598338946,406789346,3831139057,3551660175
353253736,1161895474,2685223582,3688636792,2866955686,519707265,1826120679,2881369103,400434479,48334055,4048032064,2866710322,696628349,3888177949,463828238,743307120
1352734984,2924670531,3622521885,3338876809,4220340703,4014910244,722668526,1482442793,778451393,794191788,4142358342,3423801444,3406298383,4133184932,617307715,3980920449
2942232311,1370296764,672445410,956090486,74626592,280057051,3572298769,2812524502,3516515902,3500775507,152608953,871165851,888668912,161782363,3677659580,314046846
2812314437,3253617221,705755033,1290164050,511103780,1877769710,174990600,326895524,3778813611,1572555155,118671814,379280562,4214376104,2160058453,1653764722,1130490271
1482652858,1041350074,3589212262,3004803245,3783863515,2417197585,4119976695,3968071771,516153684,2722412140,4176295481,3915686733,80591191,2134908842,2641202573,3164477024
555832443,2283115651,2773093227,710039093,1475166450,4128317580,389484661,2562580956,874949482,76268978,3603321402,328219368,990384359,3598023508,2409829269,734131892
3739134852,2011851644,1521874068,3584928202,2819800845,166649715,3905482634,1732386339,3420017813,4218698317,691645893,3966747927,3304582936,696943787,1885138026,3560835403
1111577312,2755579245,3436483311,3062466653,3975273347,4049099420,311655497,3372334784,355330961,2005440748,1410991464,2160406289,1027142484,3145757158,1367528386,1113488859
3183389983,1539388050,858483984,1232500642,319693948,245867875,3983311798,922632511,3939636334,2289526547,2883975831,2134561006,3267824811,1149210137,2927438909,3181478436
521343677,3565633370,2805992677,1585803889,515101686,1402497108,3186530402,1365281011,278741358,2370734889,2158911427,2936939344,1819243285,2772699873,397930188,2142293664
3773623618,729333925,1488974618,2709163406,3779865609,2892470187,1108436893,2929686284,4016225937,1924232406,2136055868,1358027951,2475724010,1522267422,3897037107,2152673631
3807520485,68892353,2876167680,912219571,1074117932,2190462049,1093880743,3797768886,2493290988,229117732,3919235386,756801025,3859949125,3108550635,38203352,3249181230
487446810,4226074942,1418799615,3382747724,3220849363,2104505246,3201086552,497198409,1801676307,4065849563,375731909,3538166270,435018170,1186416660,4256763943,1045786065
3285943286,70410097,65828589,2891770560,2225562391,3815709946,3342366441,2564890917,4227571342,505769688,1283546862,780627925,2261855315,2240472881,1456973572,240591618
1009024009,4224557198,4229138706,1403196735,2069404904,479257349,952600854,1730076378,67395953,3789197607,3011420433,3514339370,2033111980,2054494414,2837993723,4054375677
3232401442,1286815937,1950730815,574608929,2551306322,490080760,3212034622,2055069267,1229534765,1782455759,3518226235,1787742010,1902375391,2956153525,163118315,3521087237
1062565853,3008151358,2344236480,3720358366,1743660973,3804886535,1082932673,2239898028,3065432530,2512511536,776741060,2507225285,2392591904,1338813770,4131848980,773880058
3426595472,2114099316,339056845,1878213283,336686825,2583661755,1912463128,1100317082,128936163,3823039999,3905803219,1539973561,574588274,3167441663,3940549591,2065870863
868371823,2180867979,3955910450,2416754012,3958280470,1711305540,2382504167,3194650213,4166031132,471927296,389164076,2754993734,3720379021,1127525632,354417704,2229096432
161753377,3471103867,4171100652,4291499329,2758190438,3884261654,333018400,3626449885,3784765033,3456624564,1395304846,1632500484,1893808674,3856495207,2248102132,306892742
4133213918,823863428,123866643,3467966,1536776857,410705641,3961948895,668517410,510202262,838342731,2899662449,2662466811,2401158621,438472088,2046865163,3988074553
3073733398,1518760399,2204367502,1561454952,1788424729,1012800942,4249246177,356241239,4276813980,3721565076,3685567918,1048411068,1800870192,833035558,2535283221,466311773
1221233897,2776206896,2090599793,2733512343,2506542566,3282166353,45721118,3938726056,18153315,573402219,609399377,3246556227,2494097103,3461931737,1759684074,3828655522
617142531,1304129636,3885440060,1596432014,3540346983,2563302091,1051754057,3882739446,548816794,2427156387,1292121173,707197074,3388172163,4083415013,1223675642,1704088227
3677824764,2990837659,409527235,2698535281,754620312,1731665204,3243213238,412227849,3746150501,1867810908,3002846122,3587770221,906795132,211552282,3071291653,2590879068
1776805020,2636052883,2582579110,4138006750,1927940273,434969706,988280178,1039008459,2496897053,2389397063,2156358280,3307982223,3032668720,1906907124,2126407983,304375240
2518162275,1658914412,1712388185,156960545,2367027022,3859997589,3306687117,3255958836,1798070242,1905570232,2138609015,986985072,1262298575,2388060171,2168559312,3990592055
3768516167,119984492,1389771741,3125539538,4157028292,2236854875,3836619170,4239996500,1539709792,2681946131,3992463421,1685745096,1470886773,4262319465,2838613171,1630153487
526451128,4174982803,2905195554,1169427757,137939003,2058112420,458348125,54970795,2755257503,1613021164,302503874,2609222199,2824080522,32647830,1456354124,2664813808
1497977714,1014373685,2012465846,2589185366,3582771721,2210107130,2135620303,3630316195,2350490458,572211914,2855231422,2420930310,321263074,4260824843,1921202940,2649815033
2796989581,3280593610,2282501449,1705781929,712195574,2084860165,2159346992,664651100,1944476837,3722755381,1439735873,1874036985,3973704221,34142452,2373764355,1645152262
1526902878,349026994,107228736,3801908022,3971282181,245638211,58446941,2113395843,71865443,1207740317,1421441740,4071451764,2424411863,95930886,3028176115,2403981746
2768064417,3945940301,4187738559,493059273,323685114,4049329084,4236520354,2181571452,4223101852,3087226978,2873525555,223515531,1870555432,4199036409,1266791180,1890985549
2338212761,4203352086,1853330676,1156091889,1420761566,2397864701,695793062,360741207,1427910402,2142616938,2391464254,3414583286,4225583739,3897585935,2379529185,1670910050
1956754534,91615209,2441636619,3138875406,2874205729,1897102594,3599174233,3934226088,2867056893,2152350357,1903503041,880384009,69383556,397381360,1915438110,2624057245
1580549359,483868320,329899016,1138728214,2393261800,43387701,2112711046,3603301760,1949526170,500367107,2064397216,190564689,1174500427,794254485,1202432912,978489306
2714417936,3811098975,3965068279,3156239081,1901705495,4251579594,2182256249,691665535,2345441125,3794600188,2230570079,4104402606,3120466868,3500712810,3092534383,3316477989
1801339719,1505577219,3644684043,1549411433,2323566138,3866204497,652188972,1939121933,310554920,525492531,2757656157,552410634,3847428464,1990403462,2915596905,3543069425
2493627576,2789390076,650283252,2745555862,1971401157,428762798,3642778323,2355845362,3984412375,3769474764,1537311138,3742556661,447538831,2304563833,1379370390,751897870
2510934542,504759610,1602016023,2796634433,3097446448,1985085775,1925815277,2163985047,2204927616,3315104781,3998238,3313957791,2888733331,2070874228,3416377882,1976374217
1784032753,3790207685,2692951272,1498332862,1197520847,2309881520,2369152018,2130982248,2090039679,979862514,4290969057,981009504,1406233964,2224093067,878589413,2318593078
2173237412,571140708,3317158493,891656375,4069069893,327059879,3389788196,2311923598,1083844254,528303536,4162762274,1733512691,3474122858,3319201617,2923832379,1196201594
2121729883,3723826587,977808802,3403310920,225897402,3967907416,905179099,1983043697,3211123041,3766663759,132205021,2561454604,820844437,975765678,1371134916,3098765701
3444904024,2989367281,519908244,712374550,1423765807,4215953907,4019701175,1051726943,383217109,52125080,3740871822,3588773982,1672052458,482341621,2004287792,769734887
850063271,1305600014,3775059051,3582592745,2871201488,79013388,275266120,3243240352,3911750186,4242842215,554095473,706193313,2622914837,3812625674,2290679503,3525232408
274636193,3796034392,3891820866,598854289,3719558084,171433400,2044381930,1568956134,1085063679,4209467885,1832907626,1152240976,2978134374,1017505349,3952674395,2936893886
4020331102,498932903,403146429,3696113006,575409211,4123533895,2250585365,2726011161,3209903616,85499410,2462059669,3142726319,1316832921,3277461946,342292900,1358073409
2148487789,3993360643,221329443,2545197081,2360459262,1253931078,2890748829,1367259683,2422709442,1458707174,3655631448,2292575250,3136113093,2167182383,3335801945,1455574581
2146479506,301606652,4073637852,1749770214,1934508033,3041036217,1404218466,2927707612,1872257853,2836260121,639335847,2002392045,1158854202,2127784912,959165350,2839392714
3334537393,524672260,499010,3767737667,3996565260,1134361500,3090436746,1356840658,2168226409,232224984,558128196,1264677584,216480050,2247761696,636275146,387421877
960429902,3770295035,4294468285,527229628,298402035,3160605795,1204530549,2938126637,2126740886,4062742311,3736839099,3030289711,4078487245,2047205599,3658692149,3907545418
4200571778,3631108872,2410094922,1981097375,3916492665,188436281,3791032940,3847022792,321714527,4187617282,2982709046,2246394187,1278503154,377682228,4201746138,1153609891
94395517,663858423,1884872373,2313869920,378474630,4106531014,503934355,447944503,3973252768,107350013,1312258249,2048573108,3016464141,3917285067,93221157,3141357404
3164870515,495030260,593179666,4177924773,2475830310,305250224,3319195207,770908272,315361572,1678168529,644495483,1651196325,4095343780,234075558,4232726223,4184339782
1130096780,3799937035,3701787629,117042522,1819136985,3989717071,975772088,3524059023,3979605723,2616798766,3650471812,2643770970,199623515,4060891737,62241072,110627513
2847827203,3431092547,1111105169,491039540,1992290468,1656674774,1478577026,1343726817,4270129849,2631207378,3804953957,90594253,2758760716,735522418,1764744097,2676370487
1447140092,863874748,3183862126,3803927755,2302676827,2638292521,2816390269,2951240478,24837446,1663759917,490013338,4204373042,1536206579,3559444877,2530223198,1618596808
182985871,4274015752,226979804,1713890194,1431264282,1695386755,5757377,556331377,2405110605,2003016441,3871946386,2847048443,1823840606,1722064626,3632155998,166143619
4111981424,20951543,4067987491,2581077101,2863703013,2599580540,4289209918,3738635918,1889856690,2291950854,423020909,1447918852,2471126689,2572902669,662811297,4128823676
2815190820,1237666405,983734439,212120653,2775247462,1866267015,392299521,292027341,3784468156,1787774391,744973775,2637889604,680570660,154401673,1961987162,1260679777
1479776475,3057300890,3311232856,4082846642,1519719833,2428700280,3902667774,4002939954,510499139,2507192904,3549993520,1657077691,3614396635,4140565622,2332980133,3034287518
