8,PRE,0
20,PRE,0
32,PRE,0
38,ACT,0,256
38,PRE,0
38,ACT,0,0
44,PRE,0
56,PRE,0
62,ACT,0,0
62,PRE,0
62,ACT,0,24
68,PRE,0
80,PRE,0
86,ACT,0,24
86,PRE,0
86,ACT,0,152
92,PRE,0
104,PRE,0
110,ACT,0,152
110,PRE,0
110,ACT,0,408
116,PRE,0
128,PRE,0
134,ACT,0,384
134,PRE,0
134,ACT,0,0
140,PRE,0
152,PRE,0
158,ACT,0,0
158,PRE,0
158,ACT,0,24
164,PRE,0
176,PRE,0
182,ACT,0,24
182,PRE,0
182,ACT,0,25
188,PRE,0
200,PRE,0
206,ACT,0,25
206,PRE,0
206,ACT,0,153
212,PRE,0
224,PRE,0
230,ACT,0,153
230,PRE,0
230,ACT,0,409
236,PRE,0
248,PRE,0
254,ACT,0,192
254,PRE,0
254,ACT,0,0
260,PRE,0
272,PRE,0
278,ACT,0,0
278,PRE,0
278,ACT,0,24
284,PRE,0
296,PRE,0
302,ACT,0,24
302,PRE,0
302,ACT,0,536
308,PRE,0
320,PRE,0
326,ACT,0,536
326,PRE,0
326,ACT,0,664
332,PRE,0
344,PRE,0
350,ACT,0,664
350,PRE,0
350,ACT,0,665
356,PRE,0
368,PRE,0
374,ACT,0,408
374,PRE,0
374,ACT,0,665
380,PRE,0
392,PRE,0
398,ACT,0,152
398,PRE,0
398,ACT,0,88
404,PRE,0
416,PRE,0
422,ACT,0,88
422,PRE,0
422,ACT,0,600
428,PRE,0
440,PRE,0
446,ACT,0,600
446,PRE,0
446,ACT,0,632
452,PRE,0
464,PRE,0
470,ACT,0,632
470,PRE,0
470,ACT,0,636
476,PRE,0
488,PRE,0
494,ACT,0,320
494,PRE,0
494,ACT,0,0
500,PRE,0
512,PRE,0
518,ACT,0,0
518,PRE,0
518,ACT,0,24
524,PRE,0
536,PRE,0
542,ACT,0,24
542,PRE,0
542,ACT,0,152
548,PRE,0
560,PRE,0
566,ACT,0,152
566,PRE,0
566,ACT,0,408
572,PRE,0
584,PRE,0
590,ACT,0,12
590,PRE,0
590,ACT,0,8
596,PRE,0
608,PRE,0
614,ACT,0,8
614,PRE,0
614,ACT,0,24
620,PRE,0
632,PRE,0
638,ACT,0,24
638,PRE,0
638,ACT,0,25
644,PRE,0
656,PRE,0
662,ACT,0,25
662,PRE,0
662,ACT,0,153
668,PRE,0
680,PRE,0
686,ACT,0,153
686,PRE,0
686,ACT,0,409
692,PRE,0
704,PRE,0
710,ACT,0,14
710,PRE,0
710,ACT,0,8
716,PRE,0
728,PRE,0
734,ACT,0,8
734,PRE,0
734,ACT,0,24
740,PRE,0
752,PRE,0
758,ACT,0,24
758,PRE,0
758,ACT,0,536
764,PRE,0
776,PRE,0
782,ACT,0,536
782,PRE,0
782,ACT,0,664
788,PRE,0
800,PRE,0
806,ACT,0,664
806,PRE,0
806,ACT,0,665
812,PRE,0
824,PRE,0
830,ACT,0,408
830,PRE,0
830,ACT,0,665
836,PRE,0
848,PRE,0
854,ACT,0,152
854,PRE,0
854,ACT,0,88
860,PRE,0
872,PRE,0
878,ACT,0,88
878,PRE,0
878,ACT,0,600
884,PRE,0
896,PRE,0
902,ACT,0,600
902,PRE,0
902,ACT,0,632
908,PRE,0
920,PRE,0
926,ACT,0,632
926,PRE,0
926,ACT,0,638
932,PRE,0
944,PRE,0
950,ACT,0,20
950,PRE,0
950,ACT,0,16
956,PRE,0
968,PRE,0
974,ACT,0,16
974,PRE,0
974,ACT,0,24
980,PRE,0
992,PRE,0
998,ACT,0,24
998,PRE,0
998,ACT,0,152
1004,PRE,0
1016,PRE,0
1022,ACT,0,152
1022,PRE,0
1022,ACT,0,408
1028,PRE,0
1040,PRE,0
1046,ACT,0,22
1046,PRE,0
1046,ACT,0,16
1052,PRE,0
1064,PRE,0
1070,ACT,0,16
1070,PRE,0
1070,ACT,0,24
1076,PRE,0
1088,PRE,0
1094,ACT,0,24
1094,PRE,0
1094,ACT,0,25
1100,PRE,0
1112,PRE,0
1118,ACT,0,25
1118,PRE,0
1118,ACT,0,153
1124,PRE,0
1136,PRE,0
1142,ACT,0,153
1142,PRE,0
1142,ACT,0,409
1148,PRE,0
1160,PRE,0
1166,ACT,0,336
1166,PRE,0
1166,ACT,0,16
1172,PRE,0
1184,PRE,0
1190,ACT,0,16
1190,PRE,0
1190,ACT,0,24
1196,PRE,0
1208,PRE,0
1214,ACT,0,24
1214,PRE,0
1214,ACT,0,536
1220,PRE,0
1232,PRE,0
1238,ACT,0,536
1238,PRE,0
1238,ACT,0,664
1244,PRE,0
1256,PRE,0
1262,ACT,0,664
1262,PRE,0
1262,ACT,0,665
1268,PRE,0
1280,PRE,0
1286,ACT,0,408
1286,PRE,0
1286,ACT,0,665
1292,PRE,0
1304,PRE,0
1310,ACT,0,152
1310,PRE,0
1310,ACT,0,88
1316,PRE,0
1328,PRE,0
1334,ACT,0,88
1334,PRE,0
1334,ACT,0,600
1340,PRE,0
1352,PRE,0
1358,ACT,0,600
1358,PRE,0
1358,ACT,0,592
1364,PRE,0
1376,PRE,0
1382,ACT,0,592
1382,PRE,0
1382,ACT,0,594
1388,PRE,0
1400,PRE,0
1406,ACT,0,282
1406,PRE,0
1406,ACT,0,280
1412,PRE,0
1424,PRE,0
1430,ACT,0,280
1430,PRE,0
1430,ACT,0,24
1436,PRE,0
1448,PRE,0
1454,ACT,0,24
1454,PRE,0
1454,ACT,0,152
1460,PRE,0
1472,PRE,0
1478,ACT,0,152
1478,PRE,0
1478,ACT,0,408
1484,PRE,0
1496,PRE,0
1502,ACT,0,284
1502,PRE,0
1502,ACT,0,280
1508,PRE,0
1520,PRE,0
1526,ACT,0,280
1526,PRE,0
1526,ACT,0,24
1532,PRE,0
1544,PRE,0
1550,ACT,0,24
1550,PRE,0
1550,ACT,0,25
1556,PRE,0
1568,PRE,0
1574,ACT,0,25
1574,PRE,0
1574,ACT,0,153
1580,PRE,0
1592,PRE,0
1598,ACT,0,153
1598,PRE,0
1598,ACT,0,409
1604,PRE,0
1616,PRE,0
1622,ACT,0,288
1622,PRE,0
1622,ACT,0,280
1628,PRE,0
1640,PRE,0
1646,ACT,0,280
1646,PRE,0
1646,ACT,0,24
1652,PRE,0
1664,PRE,0
1670,ACT,0,24
1670,PRE,0
1670,ACT,0,536
1676,PRE,0
1688,PRE,0
1694,ACT,0,536
1694,PRE,0
1694,ACT,0,664
1700,PRE,0
1712,PRE,0
1718,ACT,0,664
1718,PRE,0
1718,ACT,0,665
1724,PRE,0
1736,PRE,0
1742,ACT,0,408
1742,PRE,0
1742,ACT,0,665
1748,PRE,0
1760,PRE,0
1766,ACT,0,152
1766,PRE,0
1766,ACT,0,88
1772,PRE,0
1784,PRE,0
1790,ACT,0,88
1790,PRE,0
1790,ACT,0,600
1796,PRE,0
1808,PRE,0
1814,ACT,0,600
1814,PRE,0
1814,ACT,0,592
1820,PRE,0
1832,PRE,0
1838,ACT,0,592
1838,PRE,0
1838,ACT,0,596
1844,PRE,0
1856,PRE,0
1862,ACT,0,312
1862,PRE,0
1862,ACT,0,280
1868,PRE,0
1880,PRE,0
1886,ACT,0,280
1886,PRE,0
1886,ACT,0,24
1892,PRE,0
1904,PRE,0
1910,ACT,0,24
1910,PRE,0
1910,ACT,0,152
1916,PRE,0
1928,PRE,0
1934,ACT,0,152
1934,PRE,0
1934,ACT,0,408
1940,PRE,0
1952,PRE,0
1958,ACT,0,154
1958,PRE,0
1958,ACT,0,26
1964,PRE,0
1976,PRE,0
1982,ACT,0,26
1982,PRE,0
1982,ACT,0,24
1988,PRE,0
2000,PRE,0
2006,ACT,0,24
2006,PRE,0
2006,ACT,0,25
2012,PRE,0
2024,PRE,0
2030,ACT,0,25
2030,PRE,0
2030,ACT,0,153
2036,PRE,0
2048,PRE,0
2054,ACT,0,153
2054,PRE,0
2054,ACT,0,409
2060,PRE,0
2072,PRE,0
2078,ACT,0,42
2078,PRE,0
2078,ACT,0,26
2084,PRE,0
2096,PRE,0
2102,ACT,0,26
2102,PRE,0
2102,ACT,0,24
2108,PRE,0
2120,PRE,0
2126,ACT,0,24
2126,PRE,0
2126,ACT,0,536
2132,PRE,0
2144,PRE,0
2150,ACT,0,536
2150,PRE,0
2150,ACT,0,664
2156,PRE,0
2168,PRE,0
2174,ACT,0,664
2174,PRE,0
2174,ACT,0,665
2180,PRE,0
2192,PRE,0
2198,ACT,0,408
2198,PRE,0
2198,ACT,0,665
2204,PRE,0
2216,PRE,0
2222,ACT,0,152
2222,PRE,0
2222,ACT,0,88
2228,PRE,0
2240,PRE,0
2246,ACT,0,88
2246,PRE,0
2246,ACT,0,600
2252,PRE,0
2264,PRE,0
2270,ACT,0,600
2270,PRE,0
2270,ACT,0,592
2276,PRE,0
2288,PRE,0
2294,ACT,0,592
2294,PRE,0
2294,ACT,0,598
2300,PRE,0
2312,PRE,0
2318,ACT,0,58
2318,PRE,0
2318,ACT,0,26
2324,PRE,0
2336,PRE,0
2342,ACT,0,26
2342,PRE,0
2342,ACT,0,24
2348,PRE,0
2360,PRE,0
2366,ACT,0,24
2366,PRE,0
2366,ACT,0,152
2372,PRE,0
2384,PRE,0
2390,ACT,0,152
2390,PRE,0
2390,ACT,0,408
2396,PRE,0
2408,PRE,0
2414,ACT,0,218
2414,PRE,0
2414,ACT,0,26
2420,PRE,0
2432,PRE,0
2438,ACT,0,26
2438,PRE,0
2438,ACT,0,24
2444,PRE,0
2456,PRE,0
2462,ACT,0,24
2462,PRE,0
2462,ACT,0,25
2468,PRE,0
2480,PRE,0
2486,ACT,0,25
2486,PRE,0
2486,ACT,0,153
2492,PRE,0
2504,PRE,0
2510,ACT,0,153
2510,PRE,0
2510,ACT,0,409
2516,PRE,0
2528,PRE,0
2534,ACT,0,156
2534,PRE,0
2534,ACT,0,28
2540,PRE,0
2552,PRE,0
2558,ACT,0,28
2558,PRE,0
2558,ACT,0,24
2564,PRE,0
2576,PRE,0
2582,ACT,0,24
2582,PRE,0
2582,ACT,0,536
2588,PRE,0
2600,PRE,0
2606,ACT,0,536
2606,PRE,0
2606,ACT,0,664
2612,PRE,0
2624,PRE,0
2630,ACT,0,664
2630,PRE,0
2630,ACT,0,665
2636,PRE,0
2648,PRE,0
2654,ACT,0,408
2654,PRE,0
2654,ACT,0,665
2660,PRE,0
2672,PRE,0
2678,ACT,0,152
2678,PRE,0
2678,ACT,0,88
2684,PRE,0
2696,PRE,0
2702,ACT,0,88
2702,PRE,0
2702,ACT,0,600
2708,PRE,0
2720,PRE,0
2726,ACT,0,600
2726,PRE,0
2726,ACT,0,624
2732,PRE,0
2744,PRE,0
2750,ACT,0,624
2750,PRE,0
2750,ACT,0,626
2756,PRE,0
2768,PRE,0
2774,ACT,0,36
2774,PRE,0
2774,ACT,0,28
2780,PRE,0
2792,PRE,0
2798,ACT,0,28
2798,PRE,0
2798,ACT,0,24
2804,PRE,0
2816,PRE,0
2822,ACT,0,24
2822,PRE,0
2822,ACT,0,152
2828,PRE,0
2840,PRE,0
2846,ACT,0,152
2846,PRE,0
2846,ACT,0,408
2852,PRE,0
2864,PRE,0
2870,ACT,0,44
2870,PRE,0
2870,ACT,0,28
2876,PRE,0
2888,PRE,0
2894,ACT,0,28
2894,PRE,0
2894,ACT,0,24
2900,PRE,0
2912,PRE,0
2918,ACT,0,24
2918,PRE,0
2918,ACT,0,25
2924,PRE,0
2936,PRE,0
2942,ACT,0,25
2942,PRE,0
2942,ACT,0,153
2948,PRE,0
2960,PRE,0
2966,ACT,0,153
2966,PRE,0
2966,ACT,0,409
2972,PRE,0
2984,PRE,0
2990,ACT,0,60
2990,PRE,0
2990,ACT,0,28
2996,PRE,0
3008,PRE,0
3014,ACT,0,28
3014,PRE,0
3014,ACT,0,24
3020,PRE,0
3032,PRE,0
3038,ACT,0,24
3038,PRE,0
3038,ACT,0,536
3044,PRE,0
3056,PRE,0
3062,ACT,0,536
3062,PRE,0
3062,ACT,0,664
3068,PRE,0
3080,PRE,0
3086,ACT,0,664
3086,PRE,0
3086,ACT,0,665
3092,PRE,0
3104,PRE,0
3110,ACT,0,408
3110,PRE,0
3110,ACT,0,665
3116,PRE,0
3128,PRE,0
3134,ACT,0,152
3134,PRE,0
3134,ACT,0,88
3140,PRE,0
3152,PRE,0
3158,ACT,0,88
3158,PRE,0
3158,ACT,0,600
3164,PRE,0
3176,PRE,0
3182,ACT,0,600
3182,PRE,0
3182,ACT,0,624
3188,PRE,0
3200,PRE,0
3206,ACT,0,624
3206,PRE,0
3206,ACT,0,628
3212,PRE,0
3224,PRE,0
3230,ACT,0,476
3230,PRE,0
3230,ACT,0,28
3236,PRE,0
3248,PRE,0
3254,ACT,0,28
3254,PRE,0
3254,ACT,0,24
3260,PRE,0
3272,PRE,0
3278,ACT,0,24
3278,PRE,0
3278,ACT,0,152
3284,PRE,0
3296,PRE,0
3302,ACT,0,152
3302,PRE,0
3302,ACT,0,408
3308,PRE,0
3320,PRE,0
3326,ACT,0,158
3326,PRE,0
3326,ACT,0,30
3332,PRE,0
3344,PRE,0
3350,ACT,0,30
3350,PRE,0
3350,ACT,0,24
3356,PRE,0
3368,PRE,0
3374,ACT,0,24
3374,PRE,0
3374,ACT,0,25
3380,PRE,0
3392,PRE,0
3398,ACT,0,25
3398,PRE,0
3398,ACT,0,153
3404,PRE,0
3416,PRE,0
3422,ACT,0,153
3422,PRE,0
3422,ACT,0,409
3428,PRE,0
3440,PRE,0
3446,ACT,0,38
3446,PRE,0
3446,ACT,0,30
3452,PRE,0
3464,PRE,0
3470,ACT,0,30
3470,PRE,0
3470,ACT,0,24
3476,PRE,0
3488,PRE,0
3494,ACT,0,24
3494,PRE,0
3494,ACT,0,536
3500,PRE,0
3512,PRE,0
3518,ACT,0,536
3518,PRE,0
3518,ACT,0,664
3524,PRE,0
3536,PRE,0
3542,ACT,0,664
3542,PRE,0
3542,ACT,0,665
3548,PRE,0
3560,PRE,0
3566,ACT,0,408
3566,PRE,0
3566,ACT,0,665
3572,PRE,0
3584,PRE,0
3590,ACT,0,152
3590,PRE,0
3590,ACT,0,88
3596,PRE,0
3608,PRE,0
3614,ACT,0,88
3614,PRE,0
3614,ACT,0,600
3620,PRE,0
3632,PRE,0
3638,ACT,0,600
3638,PRE,0
3638,ACT,0,624
3644,PRE,0
3656,PRE,0
3662,ACT,0,624
3662,PRE,0
3662,ACT,0,630
3668,PRE,0
3680,PRE,0
3686,ACT,0,54
3686,PRE,0
3686,ACT,0,30
3692,PRE,0
3704,PRE,0
3710,ACT,0,30
3710,PRE,0
3710,ACT,0,24
3716,PRE,0
3728,PRE,0
3734,ACT,0,24
3734,PRE,0
3734,ACT,0,152
3740,PRE,0
3752,PRE,0
3758,ACT,0,152
3758,PRE,0
3758,ACT,0,408
3764,PRE,0
3776,PRE,0
3782,ACT,0,350
3782,PRE,0
3782,ACT,0,30
3788,PRE,0
3800,PRE,0
3806,ACT,0,30
3806,PRE,0
3806,ACT,0,24
3812,PRE,0
3824,PRE,0
3830,ACT,0,24
3830,PRE,0
3830,ACT,0,25
3836,PRE,0
3848,PRE,0
3854,ACT,0,25
3854,PRE,0
3854,ACT,0,153
3860,PRE,0
3872,PRE,0
3878,ACT,0,153
3878,PRE,0
3878,ACT,0,409
3884,PRE,0
3896,PRE,0
3902,ACT,0,222
3902,PRE,0
3902,ACT,0,30
3908,PRE,0
3920,PRE,0
3926,ACT,0,30
3926,PRE,0
3926,ACT,0,24
3932,PRE,0
3944,PRE,0
3950,ACT,0,24
3950,PRE,0
3950,ACT,0,536
3956,PRE,0
3968,PRE,0
3974,ACT,0,536
3974,PRE,0
3974,ACT,0,664
3980,PRE,0
3992,PRE,0
3998,ACT,0,664
3998,PRE,0
3998,ACT,0,665
4004,PRE,0
4016,PRE,0
4022,ACT,0,408
4022,PRE,0
4022,ACT,0,665
4028,PRE,0
4040,PRE,0
4046,ACT,0,152
4046,PRE,0
4046,ACT,0,136
4052,PRE,0
4064,PRE,0
4070,ACT,0,136
4070,PRE,0
4070,ACT,0,128
4076,PRE,0
4088,PRE,0
4094,ACT,0,128
4094,PRE,0
4094,ACT,0,130
4100,PRE,0
4112,PRE,0
4118,ACT,0,352
4118,PRE,0
4118,ACT,0,32
4124,PRE,0
4136,PRE,0
4142,ACT,0,32
4142,PRE,0
4142,ACT,0,24
4148,PRE,0
4160,PRE,0
4166,ACT,0,24
4166,PRE,0
4166,ACT,0,152
4172,PRE,0
4184,PRE,0
4190,ACT,0,152
4190,PRE,0
4190,ACT,0,408
4196,PRE,0
4208,PRE,0
4214,ACT,0,424
4214,PRE,0
4214,ACT,0,40
4220,PRE,0
4232,PRE,0
4238,ACT,0,40
4238,PRE,0
4238,ACT,0,24
4244,PRE,0
4256,PRE,0
4262,ACT,0,24
4262,PRE,0
4262,ACT,0,25
4268,PRE,0
4280,PRE,0
4286,ACT,0,25
4286,PRE,0
4286,ACT,0,153
4292,PRE,0
4304,PRE,0
4310,ACT,0,153
4310,PRE,0
4310,ACT,0,409
4316,PRE,0
4328,PRE,0
4334,ACT,0,360
4334,PRE,0
4334,ACT,0,40
4340,PRE,0
4352,PRE,0
4358,ACT,0,40
4358,PRE,0
4358,ACT,0,24
4364,PRE,0
4376,PRE,0
4382,ACT,0,24
4382,PRE,0
4382,ACT,0,536
4388,PRE,0
4400,PRE,0
4406,ACT,0,536
4406,PRE,0
4406,ACT,0,664
4412,PRE,0
4424,PRE,0
4430,ACT,0,664
4430,PRE,0
4430,ACT,0,665
4436,PRE,0
4448,PRE,0
4454,ACT,0,408
4454,PRE,0
4454,ACT,0,665
4460,PRE,0
4472,PRE,0
4478,ACT,0,152
4478,PRE,0
4478,ACT,0,136
4484,PRE,0
4496,PRE,0
4502,ACT,0,136
4502,PRE,0
4502,ACT,0,128
4508,PRE,0
4520,PRE,0
4526,ACT,0,128
4526,PRE,0
4526,ACT,0,132
4532,PRE,0
4544,PRE,0
4550,ACT,0,488
4550,PRE,0
4550,ACT,0,40
4556,PRE,0
4568,PRE,0
4574,ACT,0,40
4574,PRE,0
4574,ACT,0,24
4580,PRE,0
4592,PRE,0
4598,ACT,0,24
4598,PRE,0
4598,ACT,0,152
4604,PRE,0
4616,PRE,0
4622,ACT,0,152
4622,PRE,0
4622,ACT,0,408
4628,PRE,0
4640,PRE,0
4646,ACT,0,240
4646,PRE,0
4646,ACT,0,48
4652,PRE,0
4664,PRE,0
4670,ACT,0,48
4670,PRE,0
4670,ACT,0,24
4676,PRE,0
4688,PRE,0
4694,ACT,0,24
4694,PRE,0
4694,ACT,0,25
4700,PRE,0
4712,PRE,0
4718,ACT,0,25
4718,PRE,0
4718,ACT,0,153
4724,PRE,0
4736,PRE,0
4742,ACT,0,153
4742,PRE,0
4742,ACT,0,409
4748,PRE,0
4760,PRE,0
4766,ACT,0,440
4766,PRE,0
4766,ACT,0,56
4772,PRE,0
4784,PRE,0
4790,ACT,0,56
4790,PRE,0
4790,ACT,0,24
4796,PRE,0
4808,PRE,0
4814,ACT,0,24
4814,PRE,0
4814,ACT,0,536
4820,PRE,0
4832,PRE,0
4838,ACT,0,536
4838,PRE,0
4838,ACT,0,664
4844,PRE,0
4856,PRE,0
4862,ACT,0,664
4862,PRE,0
4862,ACT,0,665
4868,PRE,0
4880,PRE,0
4886,ACT,0,408
4886,PRE,0
4886,ACT,0,665
4892,PRE,0
4904,PRE,0
4910,ACT,0,152
4910,PRE,0
4910,ACT,0,136
4916,PRE,0
4928,PRE,0
4934,ACT,0,136
4934,PRE,0
4934,ACT,0,128
4940,PRE,0
4952,PRE,0
4958,ACT,0,128
4958,PRE,0
4958,ACT,0,134
4964,PRE,0
4976,PRE,0
4982,ACT,0,504
4982,PRE,0
4982,ACT,0,56
4988,PRE,0
5000,PRE,0
5006,ACT,0,56
5006,PRE,0
5006,ACT,0,24
5012,PRE,0
5024,PRE,0
5030,ACT,0,24
5030,PRE,0
5030,ACT,0,152
5036,PRE,0
5048,PRE,0
5054,ACT,0,152
5054,PRE,0
5054,ACT,0,408
5060,PRE,0
5072,PRE,0
5078,ACT,0,129
5078,PRE,0
5078,ACT,0,1
5084,PRE,0
5096,PRE,0
5102,ACT,0,1
5102,PRE,0
5102,ACT,0,25
5108,PRE,0
5120,PRE,0
5126,ACT,0,25
5126,PRE,0
5126,ACT,0,153
5132,PRE,0
5144,PRE,0
5150,ACT,0,153
5150,PRE,0
5150,ACT,0,409
5156,PRE,0
5168,PRE,0
5174,ACT,0,257
5174,PRE,0
5174,ACT,0,1
5180,PRE,0
5192,PRE,0
5198,ACT,0,1
5198,PRE,0
5198,ACT,0,25
5204,PRE,0
5216,PRE,0
5222,ACT,0,25
5222,PRE,0
5222,ACT,0,24
5228,PRE,0
5240,PRE,0
5246,ACT,0,24
5246,PRE,0
5246,ACT,0,536
5252,PRE,0
5264,PRE,0
5270,ACT,0,536
5270,PRE,0
5270,ACT,0,664
5276,PRE,0
5288,PRE,0
5294,ACT,0,664
5294,PRE,0
5294,ACT,0,665
5300,PRE,0
5312,PRE,0
5318,ACT,0,408
5318,PRE,0
5318,ACT,0,665
5324,PRE,0
5336,PRE,0
5342,ACT,0,152
5342,PRE,0
5342,ACT,0,136
5348,PRE,0
5360,PRE,0
5366,ACT,0,136
5366,PRE,0
5366,ACT,0,138
5372,PRE,0
5384,PRE,0
5390,ACT,0,138
5390,PRE,0
5390,ACT,0,266
5396,PRE,0
5408,PRE,0
5414,ACT,0,5
5414,PRE,0
5414,ACT,0,1
5420,PRE,0
5432,PRE,0
5438,ACT,0,1
5438,PRE,0
5438,ACT,0,25
5444,PRE,0
5456,PRE,0
5462,ACT,0,25
5462,PRE,0
5462,ACT,0,24
5468,PRE,0
5480,PRE,0
5486,ACT,0,24
5486,PRE,0
5486,ACT,0,152
5492,PRE,0
5504,PRE,0
5510,ACT,0,152
5510,PRE,0
5510,ACT,0,408
5516,PRE,0
5528,PRE,0
5534,ACT,0,7
5534,PRE,0
5534,ACT,0,1
5540,PRE,0
5552,PRE,0
5558,ACT,0,1
5558,PRE,0
5558,ACT,0,25
5564,PRE,0
5576,PRE,0
5582,ACT,0,25
5582,PRE,0
5582,ACT,0,153
5588,PRE,0
5600,PRE,0
5606,ACT,0,153
5606,PRE,0
5606,ACT,0,409
5612,PRE,0
5624,PRE,0
5630,ACT,0,193
5630,PRE,0
5630,ACT,0,1
5636,PRE,0
5648,PRE,0
5654,ACT,0,1
5654,PRE,0
5654,ACT,0,25
5660,PRE,0
5672,PRE,0
5678,ACT,0,25
5678,PRE,0
5678,ACT,0,24
5684,PRE,0
5696,PRE,0
5702,ACT,0,24
5702,PRE,0
5702,ACT,0,536
5708,PRE,0
5720,PRE,0
5726,ACT,0,536
5726,PRE,0
5726,ACT,0,664
5732,PRE,0
5744,PRE,0
5750,ACT,0,664
5750,PRE,0
5750,ACT,0,665
5756,PRE,0
5768,PRE,0
5774,ACT,0,408
5774,PRE,0
5774,ACT,0,665
5780,PRE,0
5792,PRE,0
5798,ACT,0,152
5798,PRE,0
5798,ACT,0,136
5804,PRE,0
5816,PRE,0
5822,ACT,0,136
5822,PRE,0
5822,ACT,0,138
5828,PRE,0
5840,PRE,0
5846,ACT,0,138
5846,PRE,0
5846,ACT,0,394
5852,PRE,0
5864,PRE,0
5870,ACT,0,449
5870,PRE,0
5870,ACT,0,1
5876,PRE,0
5888,PRE,0
5894,ACT,0,1
5894,PRE,0
5894,ACT,0,25
5900,PRE,0
5912,PRE,0
5918,ACT,0,25
5918,PRE,0
5918,ACT,0,24
5924,PRE,0
5936,PRE,0
5942,ACT,0,24
5942,PRE,0
5942,ACT,0,152
5948,PRE,0
5960,PRE,0
5966,ACT,0,152
5966,PRE,0
5966,ACT,0,408
5972,PRE,0
5984,PRE,0
5990,ACT,0,521
5990,PRE,0
5990,ACT,0,9
5996,PRE,0
6008,PRE,0
6014,ACT,0,9
6014,PRE,0
6014,ACT,0,25
6020,PRE,0
6032,PRE,0
6038,ACT,0,25
6038,PRE,0
6038,ACT,0,153
6044,PRE,0
6056,PRE,0
6062,ACT,0,153
6062,PRE,0
6062,ACT,0,409
6068,PRE,0
6080,PRE,0
6086,ACT,0,15
6086,PRE,0
6086,ACT,0,9
6092,PRE,0
6104,PRE,0
6110,ACT,0,9
6110,PRE,0
6110,ACT,0,25
6116,PRE,0
6128,PRE,0
6134,ACT,0,25
6134,PRE,0
6134,ACT,0,24
6140,PRE,0
6152,PRE,0
6158,ACT,0,24
6158,PRE,0
6158,ACT,0,536
6164,PRE,0
6176,PRE,0
6182,ACT,0,536
6182,PRE,0
6182,ACT,0,664
6188,PRE,0
6200,PRE,0
6206,ACT,0,664
6206,PRE,0
6206,ACT,0,665
6212,PRE,0
6224,PRE,0
6230,ACT,0,408
6230,PRE,0
6230,ACT,0,665
6236,PRE,0
6248,PRE,0
6254,ACT,0,152
6254,PRE,0
6254,ACT,0,136
6260,PRE,0
6272,PRE,0
6278,ACT,0,136
6278,PRE,0
6278,ACT,0,138
6284,PRE,0
6296,PRE,0
6302,ACT,0,138
6302,PRE,0
6302,ACT,0,146
6308,PRE,0
6320,PRE,0
6326,ACT,0,19
6326,PRE,0
6326,ACT,0,17
6332,PRE,0
6344,PRE,0
6350,ACT,0,17
6350,PRE,0
6350,ACT,0,25
6356,PRE,0
6368,PRE,0
6374,ACT,0,25
6374,PRE,0
6374,ACT,0,24
6380,PRE,0
6392,PRE,0
6398,ACT,0,24
6398,PRE,0
6398,ACT,0,152
6404,PRE,0
6416,PRE,0
6422,ACT,0,152
6422,PRE,0
6422,ACT,0,408
6428,PRE,0
6440,PRE,0
6446,ACT,0,273
6446,PRE,0
6446,ACT,0,17
6452,PRE,0
6464,PRE,0
6470,ACT,0,17
6470,PRE,0
6470,ACT,0,25
6476,PRE,0
6488,PRE,0
6494,ACT,0,25
6494,PRE,0
6494,ACT,0,153
6500,PRE,0
6512,PRE,0
6518,ACT,0,153
6518,PRE,0
6518,ACT,0,409
6524,PRE,0
6536,PRE,0
6542,ACT,0,465
6542,PRE,0
6542,ACT,0,17
6548,PRE,0
6560,PRE,0
6566,ACT,0,17
6566,PRE,0
6566,ACT,0,25
6572,PRE,0
6584,PRE,0
6590,ACT,0,25
6590,PRE,0
6590,ACT,0,24
6596,PRE,0
6608,PRE,0
6614,ACT,0,24
6614,PRE,0
6614,ACT,0,536
6620,PRE,0
6632,PRE,0
6638,ACT,0,536
6638,PRE,0
6638,ACT,0,664
6644,PRE,0
6656,PRE,0
6662,ACT,0,664
6662,PRE,0
6662,ACT,0,665
6668,PRE,0
6680,PRE,0
6686,ACT,0,408
6686,PRE,0
6686,ACT,0,665
6692,PRE,0
6704,PRE,0
6710,ACT,0,152
6710,PRE,0
6710,ACT,0,136
6716,PRE,0
6728,PRE,0
6734,ACT,0,136
6734,PRE,0
6734,ACT,0,138
6740,PRE,0
6752,PRE,0
6758,ACT,0,138
6758,PRE,0
6758,ACT,0,162
6764,PRE,0
6776,PRE,0
6782,ACT,0,337
6782,PRE,0
6782,ACT,0,17
6788,PRE,0
6800,PRE,0
6806,ACT,0,17
6806,PRE,0
6806,ACT,0,25
6812,PRE,0
6824,PRE,0
6830,ACT,0,25
6830,PRE,0
6830,ACT,0,24
6836,PRE,0
6848,PRE,0
6854,ACT,0,24
6854,PRE,0
6854,ACT,0,152
6860,PRE,0
6872,PRE,0
6878,ACT,0,152
6878,PRE,0
6878,ACT,0,408
6884,PRE,0
6896,PRE,0
6902,ACT,0,793
6902,PRE,0
6902,ACT,0,281
6908,PRE,0
6920,PRE,0
6926,ACT,0,281
6926,PRE,0
6926,ACT,0,25
6932,PRE,0
6944,PRE,0
6950,ACT,0,25
6950,PRE,0
6950,ACT,0,153
6956,PRE,0
6968,PRE,0
6974,ACT,0,153
6974,PRE,0
6974,ACT,0,409
6980,PRE,0
6992,PRE,0
6998,ACT,0,287
6998,PRE,0
6998,ACT,0,281
7004,PRE,0
7016,PRE,0
7022,ACT,0,281
7022,PRE,0
7022,ACT,0,25
7028,PRE,0
7040,PRE,0
7046,ACT,0,25
7046,PRE,0
7046,ACT,0,24
7052,PRE,0
7064,PRE,0
7070,ACT,0,24
7070,PRE,0
7070,ACT,0,536
7076,PRE,0
7088,PRE,0
7094,ACT,0,536
7094,PRE,0
7094,ACT,0,664
7100,PRE,0
7112,PRE,0
7118,ACT,0,664
7118,PRE,0
7118,ACT,0,665
7124,PRE,0
7136,PRE,0
7142,ACT,0,408
7142,PRE,0
7142,ACT,0,665
7148,PRE,0
7160,PRE,0
7166,ACT,0,152
7166,PRE,0
7166,ACT,0,136
7172,PRE,0
7184,PRE,0
7190,ACT,0,136
7190,PRE,0
7190,ACT,0,138
7196,PRE,0
7208,PRE,0
7214,ACT,0,138
7214,PRE,0
7214,ACT,0,170
7220,PRE,0
7232,PRE,0
7238,ACT,0,289
7238,PRE,0
7238,ACT,0,281
7244,PRE,0
7256,PRE,0
7262,ACT,0,281
7262,PRE,0
7262,ACT,0,25
7268,PRE,0
7280,PRE,0
7286,ACT,0,25
7286,PRE,0
7286,ACT,0,24
7292,PRE,0
7304,PRE,0
7310,ACT,0,24
7310,PRE,0
7310,ACT,0,152
7316,PRE,0
7328,PRE,0
7334,ACT,0,152
7334,PRE,0
7334,ACT,0,408
7340,PRE,0
7352,PRE,0
7358,ACT,0,313
7358,PRE,0
7358,ACT,0,281
7364,PRE,0
7376,PRE,0
7382,ACT,0,281
7382,PRE,0
7382,ACT,0,25
7388,PRE,0
7400,PRE,0
7406,ACT,0,25
7406,PRE,0
7406,ACT,0,153
7412,PRE,0
7424,PRE,0
7430,ACT,0,153
7430,PRE,0
7430,ACT,0,409
7436,PRE,0
7448,PRE,0
7454,ACT,0,539
7454,PRE,0
7454,ACT,0,537
7460,PRE,0
7472,PRE,0
7478,ACT,0,537
7478,PRE,0
7478,ACT,0,25
7484,PRE,0
7496,PRE,0
7502,ACT,0,25
7502,PRE,0
7502,ACT,0,24
7508,PRE,0
7520,PRE,0
7526,ACT,0,24
7526,PRE,0
7526,ACT,0,536
7532,PRE,0
7544,PRE,0
7550,ACT,0,536
7550,PRE,0
7550,ACT,0,664
7556,PRE,0
7568,PRE,0
7574,ACT,0,664
7574,PRE,0
7574,ACT,0,665
7580,PRE,0
7592,PRE,0
7598,ACT,0,408
7598,PRE,0
7598,ACT,0,665
7604,PRE,0
7616,PRE,0
7622,ACT,0,152
7622,PRE,0
7622,ACT,0,136
7628,PRE,0
7640,PRE,0
7646,ACT,0,136
7646,PRE,0
7646,ACT,0,138
7652,PRE,0
7664,PRE,0
7670,ACT,0,138
7670,PRE,0
7670,ACT,0,178
7676,PRE,0
7688,PRE,0
7694,ACT,0,543
7694,PRE,0
7694,ACT,0,537
7700,PRE,0
7712,PRE,0
7718,ACT,0,537
7718,PRE,0
7718,ACT,0,25
7724,PRE,0
7736,PRE,0
7742,ACT,0,25
7742,PRE,0
7742,ACT,0,24
7748,PRE,0
7760,PRE,0
7766,ACT,0,24
7766,PRE,0
7766,ACT,0,152
7772,PRE,0
7784,PRE,0
7790,ACT,0,152
7790,PRE,0
7790,ACT,0,408
7796,PRE,0
7808,PRE,0
7814,ACT,0,553
7814,PRE,0
7814,ACT,0,537
7820,PRE,0
7832,PRE,0
7838,ACT,0,537
7838,PRE,0
7838,ACT,0,25
7844,PRE,0
7856,PRE,0
7862,ACT,0,25
7862,PRE,0
7862,ACT,0,153
7868,PRE,0
7880,PRE,0
7886,ACT,0,153
7886,PRE,0
7886,ACT,0,409
7892,PRE,0
7904,PRE,0
7910,ACT,0,569
7910,PRE,0
7910,ACT,0,537
7916,PRE,0
7928,PRE,0
7934,ACT,0,537
7934,PRE,0
7934,ACT,0,25
7940,PRE,0
7952,PRE,0
7958,ACT,0,25
7958,PRE,0
7958,ACT,0,24
7964,PRE,0
7976,PRE,0
7982,ACT,0,24
7982,PRE,0
7982,ACT,0,536
7988,PRE,0
8000,PRE,0
8006,ACT,0,536
8006,PRE,0
8006,ACT,0,664
8012,PRE,0
8024,PRE,0
8030,ACT,0,664
8030,PRE,0
8030,ACT,0,665
8036,PRE,0
8048,PRE,0
8054,ACT,0,408
8054,PRE,0
8054,ACT,0,665
8060,PRE,0
8072,PRE,0
8078,ACT,0,152
8078,PRE,0
8078,ACT,0,136
8084,PRE,0
8096,PRE,0
8102,ACT,0,136
8102,PRE,0
8102,ACT,0,138
8108,PRE,0
8120,PRE,0
8126,ACT,0,138
8126,PRE,0
8126,ACT,0,186
8132,PRE,0
8144,PRE,0
8150,ACT,0,155
8150,PRE,0
8150,ACT,0,27
8156,PRE,0
8168,PRE,0
8174,ACT,0,27
8174,PRE,0
8174,ACT,0,25
8180,PRE,0
8192,PRE,0
8198,ACT,0,25
8198,PRE,0
8198,ACT,0,24
8204,PRE,0
8216,PRE,0
8222,ACT,0,24
8222,PRE,0
8222,ACT,0,152
8228,PRE,0
8240,PRE,0
8246,ACT,0,152
8246,PRE,0
8246,ACT,0,408
8252,PRE,0
8264,PRE,0
8270,ACT,0,43
8270,PRE,0
8270,ACT,0,27
8276,PRE,0
8288,PRE,0
8294,ACT,0,27
8294,PRE,0
8294,ACT,0,25
8300,PRE,0
8312,PRE,0
8318,ACT,0,25
8318,PRE,0
8318,ACT,0,153
8324,PRE,0
8336,PRE,0
8342,ACT,0,153
8342,PRE,0
8342,ACT,0,409
8348,PRE,0
8360,PRE,0
8366,ACT,0,59
8366,PRE,0
8366,ACT,0,27
8372,PRE,0
8384,PRE,0
8390,ACT,0,27
8390,PRE,0
8390,ACT,0,25
8396,PRE,0
8408,PRE,0
8414,ACT,0,25
8414,PRE,0
8414,ACT,0,24
8420,PRE,0
8432,PRE,0
8438,ACT,0,24
8438,PRE,0
8438,ACT,0,536
8444,PRE,0
8456,PRE,0
8462,ACT,0,536
8462,PRE,0
8462,ACT,0,664
8468,PRE,0
8480,PRE,0
8486,ACT,0,664
8486,PRE,0
8486,ACT,0,665
8492,PRE,0
8504,PRE,0
8510,ACT,0,408
8510,PRE,0
8510,ACT,0,665
8516,PRE,0
8528,PRE,0
8534,ACT,0,152
8534,PRE,0
8534,ACT,0,136
8540,PRE,0
8552,PRE,0
8558,ACT,0,136
8558,PRE,0
8558,ACT,0,138
8564,PRE,0
8576,PRE,0
8582,ACT,0,138
8582,PRE,0
8582,ACT,0,458
8588,PRE,0
8600,PRE,0
8606,ACT,0,347
8606,PRE,0
8606,ACT,0,27
8612,PRE,0
8624,PRE,0
8630,ACT,0,27
8630,PRE,0
8630,ACT,0,25
8636,PRE,0
8648,PRE,0
8654,ACT,0,25
8654,PRE,0
8654,ACT,0,24
8660,PRE,0
8672,PRE,0
8678,ACT,0,24
8678,PRE,0
8678,ACT,0,152
8684,PRE,0
8696,PRE,0
8702,ACT,0,152
8702,PRE,0
8702,ACT,0,408
8708,PRE,0
8720,PRE,0
8726,ACT,0,475
8726,PRE,0
8726,ACT,0,27
8732,PRE,0
8744,PRE,0
8750,ACT,0,27
8750,PRE,0
8750,ACT,0,25
8756,PRE,0
8768,PRE,0
8774,ACT,0,25
8774,PRE,0
8774,ACT,0,153
8780,PRE,0
8792,PRE,0
8798,ACT,0,153
8798,PRE,0
8798,ACT,0,409
8804,PRE,0
8816,PRE,0
8822,ACT,0,413
8822,PRE,0
8822,ACT,0,29
8828,PRE,0
8840,PRE,0
8846,ACT,0,29
8846,PRE,0
8846,ACT,0,25
8852,PRE,0
8864,PRE,0
8870,ACT,0,25
8870,PRE,0
8870,ACT,0,24
8876,PRE,0
8888,PRE,0
8894,ACT,0,24
8894,PRE,0
8894,ACT,0,536
8900,PRE,0
8912,PRE,0
8918,ACT,0,536
8918,PRE,0
8918,ACT,0,664
8924,PRE,0
8936,PRE,0
8942,ACT,0,664
8942,PRE,0
8942,ACT,0,665
8948,PRE,0
8960,PRE,0
8966,ACT,0,408
8966,PRE,0
8966,ACT,0,665
8972,PRE,0
8984,PRE,0
8990,ACT,0,152
8990,PRE,0
8990,ACT,0,136
8996,PRE,0
9008,PRE,0
9014,ACT,0,136
9014,PRE,0
9014,ACT,0,138
9020,PRE,0
9032,PRE,0
9038,ACT,0,138
9038,PRE,0
9038,ACT,0,202
9044,PRE,0
9056,PRE,0
9062,ACT,0,53
9062,PRE,0
9062,ACT,0,29
9068,PRE,0
9080,PRE,0
9086,ACT,0,29
9086,PRE,0
9086,ACT,0,25
9092,PRE,0
9104,PRE,0
9110,ACT,0,25
9110,PRE,0
9110,ACT,0,24
9116,PRE,0
9128,PRE,0
9134,ACT,0,24
9134,PRE,0
9134,ACT,0,152
9140,PRE,0
9152,PRE,0
9158,ACT,0,152
9158,PRE,0
9158,ACT,0,408
9164,PRE,0
9176,PRE,0
9182,ACT,0,61
9182,PRE,0
9182,ACT,0,29
9188,PRE,0
9200,PRE,0
9206,ACT,0,29
9206,PRE,0
9206,ACT,0,25
9212,PRE,0
9224,PRE,0
9230,ACT,0,25
9230,PRE,0
9230,ACT,0,153
9236,PRE,0
9248,PRE,0
9254,ACT,0,153
9254,PRE,0
9254,ACT,0,409
9260,PRE,0
9272,PRE,0
9278,ACT,0,349
9278,PRE,0
9278,ACT,0,29
9284,PRE,0
9296,PRE,0
9302,ACT,0,29
9302,PRE,0
9302,ACT,0,25
9308,PRE,0
9320,PRE,0
9326,ACT,0,25
9326,PRE,0
9326,ACT,0,24
9332,PRE,0
9344,PRE,0
9350,ACT,0,24
9350,PRE,0
9350,ACT,0,536
9356,PRE,0
9368,PRE,0
9374,ACT,0,536
9374,PRE,0
9374,ACT,0,664
9380,PRE,0
9392,PRE,0
9398,ACT,0,664
9398,PRE,0
9398,ACT,0,665
9404,PRE,0
9416,PRE,0
9422,ACT,0,408
9422,PRE,0
9422,ACT,0,665
9428,PRE,0
9440,PRE,0
9446,ACT,0,152
9446,PRE,0
9446,ACT,0,136
9452,PRE,0
9464,PRE,0
9470,ACT,0,136
9470,PRE,0
9470,ACT,0,138
9476,PRE,0
9488,PRE,0
9494,ACT,0,138
9494,PRE,0
9494,ACT,0,330
9500,PRE,0
9512,PRE,0
9518,ACT,0,159
9518,PRE,0
9518,ACT,0,31
9524,PRE,0
9536,PRE,0
9542,ACT,0,31
9542,PRE,0
9542,ACT,0,25
9548,PRE,0
9560,PRE,0
9566,ACT,0,25
9566,PRE,0
9566,ACT,0,24
9572,PRE,0
9584,PRE,0
9590,ACT,0,24
9590,PRE,0
9590,ACT,0,152
9596,PRE,0
9608,PRE,0
9614,ACT,0,152
9614,PRE,0
9614,ACT,0,408
9620,PRE,0
9632,PRE,0
9638,ACT,0,47
9638,PRE,0
9638,ACT,0,31
9644,PRE,0
9656,PRE,0
9662,ACT,0,31
9662,PRE,0
9662,ACT,0,25
9668,PRE,0
9680,PRE,0
9686,ACT,0,25
9686,PRE,0
9686,ACT,0,153
9692,PRE,0
9704,PRE,0
9710,ACT,0,153
9710,PRE,0
9710,ACT,0,409
9716,PRE,0
9728,PRE,0
9734,ACT,0,55
9734,PRE,0
9734,ACT,0,31
9740,PRE,0
9752,PRE,0
9758,ACT,0,31
9758,PRE,0
9758,ACT,0,25
9764,PRE,0
9776,PRE,0
9782,ACT,0,25
9782,PRE,0
9782,ACT,0,24
9788,PRE,0
9800,PRE,0
9806,ACT,0,24
9806,PRE,0
9806,ACT,0,536
9812,PRE,0
9824,PRE,0
9830,ACT,0,536
9830,PRE,0
9830,ACT,0,664
9836,PRE,0
9848,PRE,0
9854,ACT,0,664
9854,PRE,0
9854,ACT,0,665
9860,PRE,0
9872,PRE,0
9878,ACT,0,408
9878,PRE,0
9878,ACT,0,665
9884,PRE,0
9896,PRE,0
9902,ACT,0,152
9902,PRE,0
9902,ACT,0,136
9908,PRE,0
9920,PRE,0
9926,ACT,0,136
9926,PRE,0
9926,ACT,0,264
9932,PRE,0
9944,PRE,0
9950,ACT,0,264
9950,PRE,0
9950,ACT,0,268
9956,PRE,0
9968,PRE,0
9974,ACT,0,351
9974,PRE,0
9974,ACT,0,31
9980,PRE,0
9992,PRE,0
9998,ACT,0,31
9998,PRE,0
9998,ACT,0,25
10004,PRE,0
10016,PRE,0
10022,ACT,0,25
10022,PRE,0
10022,ACT,0,24
10028,PRE,0
10040,PRE,0
10046,ACT,0,24
10046,PRE,0
10046,ACT,0,152
10052,PRE,0
10064,PRE,0
10070,ACT,0,152
10070,PRE,0
10070,ACT,0,408
10076,PRE,0
10088,PRE,0
10094,ACT,0,479
10094,PRE,0
10094,ACT,0,31
10100,PRE,0
10112,PRE,0
10118,ACT,0,31
10118,PRE,0
10118,ACT,0,25
10124,PRE,0
10136,PRE,0
10142,ACT,0,25
10142,PRE,0
10142,ACT,0,153
10148,PRE,0
10160,PRE,0
10166,ACT,0,153
10166,PRE,0
10166,ACT,0,409
10172,PRE,0
10184,PRE,0
10190,ACT,0,225
10190,PRE,0
10190,ACT,0,33
10196,PRE,0
10208,PRE,0
10214,ACT,0,33
10214,PRE,0
10214,ACT,0,25
10220,PRE,0
10232,PRE,0
10238,ACT,0,25
10238,PRE,0
10238,ACT,0,24
10244,PRE,0
10256,PRE,0
10262,ACT,0,24
10262,PRE,0
10262,ACT,0,536
10268,PRE,0
10280,PRE,0
10286,ACT,0,536
10286,PRE,0
10286,ACT,0,664
10292,PRE,0
10304,PRE,0
10310,ACT,0,664
10310,PRE,0
10310,ACT,0,665
10316,PRE,0
10328,PRE,0
10334,ACT,0,408
10334,PRE,0
10334,ACT,0,665
10340,PRE,0
10352,PRE,0
10358,ACT,0,152
10358,PRE,0
10358,ACT,0,136
10364,PRE,0
10376,PRE,0
10382,ACT,0,136
10382,PRE,0
10382,ACT,0,264
10388,PRE,0
10400,PRE,0
10406,ACT,0,264
10406,PRE,0
10406,ACT,0,270
10412,PRE,0
10424,PRE,0
10430,ACT,0,425
10430,PRE,0
10430,ACT,0,41
10436,PRE,0
10448,PRE,0
10454,ACT,0,41
10454,PRE,0
10454,ACT,0,25
10460,PRE,0
10472,PRE,0
10478,ACT,0,25
10478,PRE,0
10478,ACT,0,24
10484,PRE,0
10496,PRE,0
10502,ACT,0,24
10502,PRE,0
10502,ACT,0,152
10508,PRE,0
10520,PRE,0
10526,ACT,0,152
10526,PRE,0
10526,ACT,0,408
10532,PRE,0
10544,PRE,0
10550,ACT,0,233
10550,PRE,0
10550,ACT,0,41
10556,PRE,0
10568,PRE,0
10574,ACT,0,41
10574,PRE,0
10574,ACT,0,25
10580,PRE,0
10592,PRE,0
10598,ACT,0,25
10598,PRE,0
10598,ACT,0,153
10604,PRE,0
10616,PRE,0
10622,ACT,0,153
10622,PRE,0
10622,ACT,0,409
10628,PRE,0
10640,PRE,0
10646,ACT,0,361
10646,PRE,0
10646,ACT,0,41
10652,PRE,0
10664,PRE,0
10670,ACT,0,41
10670,PRE,0
10670,ACT,0,25
10676,PRE,0
10688,PRE,0
10694,ACT,0,25
10694,PRE,0
10694,ACT,0,24
10700,PRE,0
10712,PRE,0
10718,ACT,0,24
10718,PRE,0
10718,ACT,0,536
10724,PRE,0
10736,PRE,0
10742,ACT,0,536
10742,PRE,0
10742,ACT,0,664
10748,PRE,0
10760,PRE,0
10766,ACT,0,664
10766,PRE,0
10766,ACT,0,665
10772,PRE,0
10784,PRE,0
10790,ACT,0,408
10790,PRE,0
10790,ACT,0,665
10796,PRE,0
10808,PRE,0
10814,ACT,0,152
10814,PRE,0
10814,ACT,0,136
10820,PRE,0
10832,PRE,0
10838,ACT,0,136
10838,PRE,0
10838,ACT,0,140
10844,PRE,0
10856,PRE,0
10862,ACT,0,140
10862,PRE,0
10862,ACT,0,396
10868,PRE,0
10880,PRE,0
10886,ACT,0,497
10886,PRE,0
10886,ACT,0,49
10892,PRE,0
10904,PRE,0
10910,ACT,0,49
10910,PRE,0
10910,ACT,0,25
10916,PRE,0
10928,PRE,0
10934,ACT,0,25
10934,PRE,0
10934,ACT,0,24
10940,PRE,0
10952,PRE,0
10958,ACT,0,24
10958,PRE,0
10958,ACT,0,152
10964,PRE,0
10976,PRE,0
10982,ACT,0,152
10982,PRE,0
10982,ACT,0,408
10988,PRE,0
11000,PRE,0
11006,ACT,0,441
11006,PRE,0
11006,ACT,0,57
11012,PRE,0
11024,PRE,0
11030,ACT,0,57
11030,PRE,0
11030,ACT,0,25
11036,PRE,0
11048,PRE,0
11054,ACT,0,25
11054,PRE,0
11054,ACT,0,153
11060,PRE,0
11072,PRE,0
11078,ACT,0,153
11078,PRE,0
11078,ACT,0,409
11084,PRE,0
11096,PRE,0
11102,ACT,0,377
11102,PRE,0
11102,ACT,0,57
11108,PRE,0
11120,PRE,0
11126,ACT,0,57
11126,PRE,0
11126,ACT,0,25
11132,PRE,0
11144,PRE,0
11150,ACT,0,25
11150,PRE,0
11150,ACT,0,24
11156,PRE,0
11168,PRE,0
11174,ACT,0,24
11174,PRE,0
11174,ACT,0,536
11180,PRE,0
11192,PRE,0
11198,ACT,0,536
11198,PRE,0
11198,ACT,0,664
11204,PRE,0
11216,PRE,0
11222,ACT,0,664
11222,PRE,0
11222,ACT,0,665
11228,PRE,0
11240,PRE,0
11246,ACT,0,408
11246,PRE,0
11246,ACT,0,665
11252,PRE,0
11264,PRE,0
11270,ACT,0,152
11270,PRE,0
11270,ACT,0,136
11276,PRE,0
11288,PRE,0
11294,ACT,0,136
11294,PRE,0
11294,ACT,0,140
11300,PRE,0
11312,PRE,0
11318,ACT,0,140
11318,PRE,0
11318,ACT,0,148
11324,PRE,0
11336,PRE,0
11342,ACT,0,505
11342,PRE,0
11342,ACT,0,57
11348,PRE,0
11360,PRE,0
11366,ACT,0,57
11366,PRE,0
11366,ACT,0,25
11372,PRE,0
11384,PRE,0
11390,ACT,0,25
11390,PRE,0
11390,ACT,0,24
11396,PRE,0
11408,PRE,0
11414,ACT,0,24
11414,PRE,0
11414,ACT,0,152
11420,PRE,0
11432,PRE,0
11438,ACT,0,152
11438,PRE,0
11438,ACT,0,408
11444,PRE,0
11456,PRE,0
11462,ACT,0,514
11462,PRE,0
11462,ACT,0,512
11468,PRE,0
11480,PRE,0
11486,ACT,0,512
11486,PRE,0
11486,ACT,0,536
11492,PRE,0
11504,PRE,0
11510,ACT,0,536
11510,PRE,0
11510,ACT,0,24
11516,PRE,0
11528,PRE,0
11534,ACT,0,24
11534,PRE,0
11534,ACT,0,25
11540,PRE,0
11552,PRE,0
11558,ACT,0,25
11558,PRE,0
11558,ACT,0,153
11564,PRE,0
11576,PRE,0
11582,ACT,0,153
11582,PRE,0
11582,ACT,0,409
11588,PRE,0
11600,PRE,0
11606,ACT,0,518
11606,PRE,0
11606,ACT,0,512
11612,PRE,0
11624,PRE,0
11630,ACT,0,512
11630,PRE,0
11630,ACT,0,536
11636,PRE,0
11648,PRE,0
11654,ACT,0,536
11654,PRE,0
11654,ACT,0,664
11660,PRE,0
11672,PRE,0
11678,ACT,0,664
11678,PRE,0
11678,ACT,0,665
11684,PRE,0
11696,PRE,0
11702,ACT,0,408
11702,PRE,0
11702,ACT,0,665
11708,PRE,0
11720,PRE,0
11726,ACT,0,152
11726,PRE,0
11726,ACT,0,136
11732,PRE,0
11744,PRE,0
11750,ACT,0,136
11750,PRE,0
11750,ACT,0,140
11756,PRE,0
11768,PRE,0
11774,ACT,0,140
11774,PRE,0
11774,ACT,0,164
11780,PRE,0
11792,PRE,0
11798,ACT,0,800
11798,PRE,0
11798,ACT,0,544
11804,PRE,0
11816,PRE,0
11822,ACT,0,544
11822,PRE,0
11822,ACT,0,536
11828,PRE,0
11840,PRE,0
11846,ACT,0,536
11846,PRE,0
11846,ACT,0,24
11852,PRE,0
11864,PRE,0
11870,ACT,0,24
11870,PRE,0
11870,ACT,0,152
11876,PRE,0
11888,PRE,0
11894,ACT,0,152
11894,PRE,0
11894,ACT,0,408
11900,PRE,0
11912,PRE,0
11918,ACT,0,548
11918,PRE,0
11918,ACT,0,544
11924,PRE,0
11936,PRE,0
11942,ACT,0,544
11942,PRE,0
11942,ACT,0,536
11948,PRE,0
11960,PRE,0
11966,ACT,0,536
11966,PRE,0
11966,ACT,0,24
11972,PRE,0
11984,PRE,0
11990,ACT,0,24
11990,PRE,0
11990,ACT,0,25
11996,PRE,0
12008,PRE,0
12014,ACT,0,25
12014,PRE,0
12014,ACT,0,153
12020,PRE,0
12032,PRE,0
12038,ACT,0,153
12038,PRE,0
12038,ACT,0,409
12044,PRE,0
12056,PRE,0
12062,ACT,0,522
12062,PRE,0
12062,ACT,0,520
12068,PRE,0
12080,PRE,0
12086,ACT,0,520
12086,PRE,0
12086,ACT,0,536
12092,PRE,0
12104,PRE,0
12110,ACT,0,536
12110,PRE,0
12110,ACT,0,664
12116,PRE,0
12128,PRE,0
12134,ACT,0,664
12134,PRE,0
12134,ACT,0,665
12140,PRE,0
12152,PRE,0
12158,ACT,0,408
12158,PRE,0
12158,ACT,0,665
12164,PRE,0
12176,PRE,0
12182,ACT,0,152
12182,PRE,0
12182,ACT,0,136
12188,PRE,0
12200,PRE,0
12206,ACT,0,136
12206,PRE,0
12206,ACT,0,140
12212,PRE,0
12224,PRE,0
12230,ACT,0,140
12230,PRE,0
12230,ACT,0,172
12236,PRE,0
12248,PRE,0
12254,ACT,0,524
12254,PRE,0
12254,ACT,0,520
12260,PRE,0
12272,PRE,0
12278,ACT,0,520
12278,PRE,0
12278,ACT,0,536
12284,PRE,0
12296,PRE,0
12302,ACT,0,536
12302,PRE,0
12302,ACT,0,24
12308,PRE,0
12320,PRE,0
12326,ACT,0,24
12326,PRE,0
12326,ACT,0,152
12332,PRE,0
12344,PRE,0
12350,ACT,0,152
12350,PRE,0
12350,ACT,0,408
12356,PRE,0
12368,PRE,0
12374,ACT,0,744
12374,PRE,0
12374,ACT,0,552
12380,PRE,0
12392,PRE,0
12398,ACT,0,552
12398,PRE,0
12398,ACT,0,536
12404,PRE,0
12416,PRE,0
12422,ACT,0,536
12422,PRE,0
12422,ACT,0,24
12428,PRE,0
12440,PRE,0
12446,ACT,0,24
12446,PRE,0
12446,ACT,0,25
12452,PRE,0
12464,PRE,0
12470,ACT,0,25
12470,PRE,0
12470,ACT,0,153
12476,PRE,0
12488,PRE,0
12494,ACT,0,153
12494,PRE,0
12494,ACT,0,409
12500,PRE,0
12512,PRE,0
12518,ACT,0,556
12518,PRE,0
12518,ACT,0,552
12524,PRE,0
12536,PRE,0
12542,ACT,0,552
12542,PRE,0
12542,ACT,0,536
12548,PRE,0
12560,PRE,0
12566,ACT,0,536
12566,PRE,0
12566,ACT,0,664
12572,PRE,0
12584,PRE,0
12590,ACT,0,664
12590,PRE,0
12590,ACT,0,665
12596,PRE,0
12608,PRE,0
12614,ACT,0,408
12614,PRE,0
12614,ACT,0,665
12620,PRE,0
12632,PRE,0
12638,ACT,0,152
12638,PRE,0
12638,ACT,0,136
12644,PRE,0
12656,PRE,0
12662,ACT,0,136
12662,PRE,0
12662,ACT,0,140
12668,PRE,0
12680,PRE,0
12686,ACT,0,140
12686,PRE,0
12686,ACT,0,180
12692,PRE,0
12704,PRE,0
12710,ACT,0,558
12710,PRE,0
12710,ACT,0,552
12716,PRE,0
12728,PRE,0
12734,ACT,0,552
12734,PRE,0
12734,ACT,0,536
12740,PRE,0
12752,PRE,0
12758,ACT,0,536
12758,PRE,0
12758,ACT,0,24
12764,PRE,0
12776,PRE,0
12782,ACT,0,24
12782,PRE,0
12782,ACT,0,152
12788,PRE,0
12800,PRE,0
12806,ACT,0,152
12806,PRE,0
12806,ACT,0,408
12812,PRE,0
12824,PRE,0
12830,ACT,0,570
12830,PRE,0
12830,ACT,0,568
12836,PRE,0
12848,PRE,0
12854,ACT,0,568
12854,PRE,0
12854,ACT,0,536
12860,PRE,0
12872,PRE,0
12878,ACT,0,536
12878,PRE,0
12878,ACT,0,24
12884,PRE,0
12896,PRE,0
12902,ACT,0,24
12902,PRE,0
12902,ACT,0,25
12908,PRE,0
12920,PRE,0
12926,ACT,0,25
12926,PRE,0
12926,ACT,0,153
12932,PRE,0
12944,PRE,0
12950,ACT,0,153
12950,PRE,0
12950,ACT,0,409
12956,PRE,0
12968,PRE,0
12974,ACT,0,572
12974,PRE,0
12974,ACT,0,568
12980,PRE,0
12992,PRE,0
12998,ACT,0,568
12998,PRE,0
12998,ACT,0,536
13004,PRE,0
13016,PRE,0
13022,ACT,0,536
13022,PRE,0
13022,ACT,0,664
13028,PRE,0
13040,PRE,0
13046,ACT,0,664
13046,PRE,0
13046,ACT,0,665
13052,PRE,0
13064,PRE,0
13070,ACT,0,408
13070,PRE,0
13070,ACT,0,665
13076,PRE,0
13088,PRE,0
13094,ACT,0,152
13094,PRE,0
13094,ACT,0,136
13100,PRE,0
13112,PRE,0
13118,ACT,0,136
13118,PRE,0
13118,ACT,0,140
13124,PRE,0
13136,PRE,0
13142,ACT,0,140
13142,PRE,0
13142,ACT,0,188
13148,PRE,0
13160,PRE,0
13166,ACT,0,752
13166,PRE,0
13166,ACT,0,728
13172,PRE,0
13184,PRE,0
13190,ACT,0,728
13190,PRE,0
13190,ACT,0,536
13196,PRE,0
13208,PRE,0
13214,ACT,0,536
13214,PRE,0
13214,ACT,0,24
13220,PRE,0
13232,PRE,0
13238,ACT,0,24
13238,PRE,0
13238,ACT,0,152
13244,PRE,0
13256,PRE,0
13262,ACT,0,152
13262,PRE,0
13262,ACT,0,408
13268,PRE,0
13280,PRE,0
13286,ACT,0,730
13286,PRE,0
13286,ACT,0,728
13292,PRE,0
13304,PRE,0
13310,ACT,0,728
13310,PRE,0
13310,ACT,0,536
13316,PRE,0
13328,PRE,0
13334,ACT,0,536
13334,PRE,0
13334,ACT,0,24
13340,PRE,0
13352,PRE,0
13358,ACT,0,24
13358,PRE,0
13358,ACT,0,25
13364,PRE,0
13376,PRE,0
13382,ACT,0,25
13382,PRE,0
13382,ACT,0,153
13388,PRE,0
13400,PRE,0
13406,ACT,0,153
13406,PRE,0
13406,ACT,0,409
13412,PRE,0
13424,PRE,0
13430,ACT,0,784
13430,PRE,0
13430,ACT,0,528
13436,PRE,0
13448,PRE,0
13454,ACT,0,528
13454,PRE,0
13454,ACT,0,536
13460,PRE,0
13472,PRE,0
13478,ACT,0,536
13478,PRE,0
13478,ACT,0,664
13484,PRE,0
13496,PRE,0
13502,ACT,0,664
13502,PRE,0
13502,ACT,0,665
13508,PRE,0
13520,PRE,0
13526,ACT,0,408
13526,PRE,0
13526,ACT,0,665
13532,PRE,0
13544,PRE,0
13550,ACT,0,152
13550,PRE,0
13550,ACT,0,136
13556,PRE,0
13568,PRE,0
13574,ACT,0,136
13574,PRE,0
13574,ACT,0,140
13580,PRE,0
13592,PRE,0
13598,ACT,0,140
13598,PRE,0
13598,ACT,0,332
13604,PRE,0
13616,PRE,0
13622,ACT,0,532
13622,PRE,0
13622,ACT,0,528
13628,PRE,0
13640,PRE,0
13646,ACT,0,528
13646,PRE,0
13646,ACT,0,536
13652,PRE,0
13664,PRE,0
13670,ACT,0,536
13670,PRE,0
13670,ACT,0,24
13676,PRE,0
13688,PRE,0
13694,ACT,0,24
13694,PRE,0
13694,ACT,0,152
13700,PRE,0
13712,PRE,0
13718,ACT,0,152
13718,PRE,0
13718,ACT,0,408
13724,PRE,0
13736,PRE,0
13742,ACT,0,534
13742,PRE,0
13742,ACT,0,528
13748,PRE,0
13760,PRE,0
13766,ACT,0,528
13766,PRE,0
13766,ACT,0,536
13772,PRE,0
13784,PRE,0
13790,ACT,0,536
13790,PRE,0
13790,ACT,0,24
13796,PRE,0
13808,PRE,0
13814,ACT,0,24
13814,PRE,0
13814,ACT,0,25
13820,PRE,0
13832,PRE,0
13838,ACT,0,25
13838,PRE,0
13838,ACT,0,153
13844,PRE,0
13856,PRE,0
13862,ACT,0,153
13862,PRE,0
13862,ACT,0,409
13868,PRE,0
13880,PRE,0
13886,ACT,0,562
13886,PRE,0
13886,ACT,0,560
13892,PRE,0
13904,PRE,0
13910,ACT,0,560
13910,PRE,0
13910,ACT,0,536
13916,PRE,0
13928,PRE,0
13934,ACT,0,536
13934,PRE,0
13934,ACT,0,664
13940,PRE,0
13952,PRE,0
13958,ACT,0,664
13958,PRE,0
13958,ACT,0,665
13964,PRE,0
13976,PRE,0
13982,ACT,0,408
13982,PRE,0
13982,ACT,0,665
13988,PRE,0
14000,PRE,0
14006,ACT,0,152
14006,PRE,0
14006,ACT,0,136
14012,PRE,0
14024,PRE,0
14030,ACT,0,136
14030,PRE,0
14030,ACT,0,140
14036,PRE,0
14048,PRE,0
14054,ACT,0,140
14054,PRE,0
14054,ACT,0,460
14060,PRE,0
14072,PRE,0
14078,ACT,0,566
14078,PRE,0
14078,ACT,0,560
14084,PRE,0
14096,PRE,0
14102,ACT,0,560
14102,PRE,0
14102,ACT,0,536
14108,PRE,0
14120,PRE,0
14126,ACT,0,536
14126,PRE,0
14126,ACT,0,24
14132,PRE,0
14144,PRE,0
14150,ACT,0,24
14150,PRE,0
14150,ACT,0,152
14156,PRE,0
14168,PRE,0
14174,ACT,0,152
14174,PRE,0
14174,ACT,0,408
14180,PRE,0
14192,PRE,0
14198,ACT,0,796
14198,PRE,0
14198,ACT,0,792
14204,PRE,0
14216,PRE,0
14222,ACT,0,792
14222,PRE,0
14222,ACT,0,536
14228,PRE,0
14240,PRE,0
14246,ACT,0,536
14246,PRE,0
14246,ACT,0,24
14252,PRE,0
14264,PRE,0
14270,ACT,0,24
14270,PRE,0
14270,ACT,0,25
14276,PRE,0
14288,PRE,0
14294,ACT,0,25
14294,PRE,0
14294,ACT,0,153
14300,PRE,0
14312,PRE,0
14318,ACT,0,153
14318,PRE,0
14318,ACT,0,409
14324,PRE,0
14336,PRE,0
14342,ACT,0,666
14342,PRE,0
14342,ACT,0,538
14348,PRE,0
14360,PRE,0
14366,ACT,0,538
14366,PRE,0
14366,ACT,0,536
14372,PRE,0
14384,PRE,0
14390,ACT,0,536
14390,PRE,0
14390,ACT,0,664
14396,PRE,0
14408,PRE,0
14414,ACT,0,664
14414,PRE,0
14414,ACT,0,665
14420,PRE,0
14432,PRE,0
14438,ACT,0,408
14438,PRE,0
14438,ACT,0,665
14444,PRE,0
14456,PRE,0
14462,ACT,0,152
14462,PRE,0
14462,ACT,0,136
14468,PRE,0
14480,PRE,0
14486,ACT,0,136
14486,PRE,0
14486,ACT,0,140
14492,PRE,0
14504,PRE,0
14510,ACT,0,140
14510,PRE,0
14510,ACT,0,204
14516,PRE,0
14528,PRE,0
14534,ACT,0,670
14534,PRE,0
14534,ACT,0,542
14540,PRE,0
14552,PRE,0
14558,ACT,0,542
14558,PRE,0
14558,ACT,0,536
14564,PRE,0
14576,PRE,0
14582,ACT,0,536
14582,PRE,0
14582,ACT,0,24
14588,PRE,0
14600,PRE,0
14606,ACT,0,24
14606,PRE,0
14606,ACT,0,152
14612,PRE,0
14624,PRE,0
14630,ACT,0,152
14630,PRE,0
14630,ACT,0,408
14636,PRE,0
14648,PRE,0
14654,ACT,0,68
14654,PRE,0
14654,ACT,0,64
14660,PRE,0
14672,PRE,0
14678,ACT,0,64
14678,PRE,0
14678,ACT,0,88
14684,PRE,0
14696,PRE,0
14702,ACT,0,88
14702,PRE,0
14702,ACT,0,89
14708,PRE,0
14720,PRE,0
14726,ACT,0,89
14726,PRE,0
14726,ACT,0,153
14732,PRE,0
14744,PRE,0
14750,ACT,0,153
14750,PRE,0
14750,ACT,0,409
14756,PRE,0
14768,PRE,0
14774,ACT,0,76
14774,PRE,0
14774,ACT,0,72
14780,PRE,0
14792,PRE,0
14798,ACT,0,72
14798,PRE,0
14798,ACT,0,88
14804,PRE,0
14816,PRE,0
14822,ACT,0,88
14822,PRE,0
14822,ACT,0,600
14828,PRE,0
14840,PRE,0
14846,ACT,0,600
14846,PRE,0
14846,ACT,0,664
14852,PRE,0
14864,PRE,0
14870,ACT,0,664
14870,PRE,0
14870,ACT,0,665
14876,PRE,0
14888,PRE,0
14894,ACT,0,408
14894,PRE,0
14894,ACT,0,665
14900,PRE,0
14912,PRE,0
14918,ACT,0,152
14918,PRE,0
14918,ACT,0,136
14924,PRE,0
14936,PRE,0
14942,ACT,0,136
14942,PRE,0
14942,ACT,0,392
14948,PRE,0
14960,PRE,0
14966,ACT,0,392
14966,PRE,0
14966,ACT,0,398
14972,PRE,0
14984,PRE,0
14990,ACT,0,78
14990,PRE,0
14990,ACT,0,72
14996,PRE,0
15008,PRE,0
15014,ACT,0,72
15014,PRE,0
15014,ACT,0,88
15020,PRE,0
15032,PRE,0
15038,ACT,0,88
15038,PRE,0
15038,ACT,0,152
15044,PRE,0
15056,PRE,0
15062,ACT,0,152
15062,PRE,0
15062,ACT,0,408
15068,PRE,0
15080,PRE,0
15086,ACT,0,84
15086,PRE,0
15086,ACT,0,80
15092,PRE,0
15104,PRE,0
15110,ACT,0,80
15110,PRE,0
15110,ACT,0,88
15116,PRE,0
15128,PRE,0
15134,ACT,0,88
15134,PRE,0
15134,ACT,0,89
15140,PRE,0
15152,PRE,0
15158,ACT,0,89
15158,PRE,0
15158,ACT,0,153
15164,PRE,0
15176,PRE,0
15182,ACT,0,153
15182,PRE,0
15182,ACT,0,409
15188,PRE,0
15200,PRE,0
15206,ACT,0,98
15206,PRE,0
15206,ACT,0,90
15212,PRE,0
15224,PRE,0
15230,ACT,0,90
15230,PRE,0
15230,ACT,0,88
15236,PRE,0
15248,PRE,0
15254,ACT,0,88
15254,PRE,0
15254,ACT,0,600
15260,PRE,0
15272,PRE,0
15278,ACT,0,600
15278,PRE,0
15278,ACT,0,664
15284,PRE,0
15296,PRE,0
15302,ACT,0,664
15302,PRE,0
15302,ACT,0,665
15308,PRE,0
15320,PRE,0
15326,ACT,0,408
15326,PRE,0
15326,ACT,0,665
15332,PRE,0
15344,PRE,0
15350,ACT,0,152
15350,PRE,0
15350,ACT,0,136
15356,PRE,0
15368,PRE,0
15374,ACT,0,136
15374,PRE,0
15374,ACT,0,142
15380,PRE,0
15392,PRE,0
15398,ACT,0,142
15398,PRE,0
15398,ACT,0,150
15404,PRE,0
15416,PRE,0
15422,ACT,0,122
15422,PRE,0
15422,ACT,0,90
15428,PRE,0
15440,PRE,0
15446,ACT,0,90
15446,PRE,0
15446,ACT,0,88
15452,PRE,0
15464,PRE,0
15470,ACT,0,88
15470,PRE,0
15470,ACT,0,152
15476,PRE,0
15488,PRE,0
15494,ACT,0,152
15494,PRE,0
15494,ACT,0,408
15500,PRE,0
15512,PRE,0
15518,ACT,0,100
15518,PRE,0
15518,ACT,0,92
15524,PRE,0
15536,PRE,0
15542,ACT,0,92
15542,PRE,0
15542,ACT,0,88
15548,PRE,0
15560,PRE,0
15566,ACT,0,88
15566,PRE,0
15566,ACT,0,89
15572,PRE,0
15584,PRE,0
15590,ACT,0,89
15590,PRE,0
15590,ACT,0,153
15596,PRE,0
15608,PRE,0
15614,ACT,0,153
15614,PRE,0
15614,ACT,0,409
15620,PRE,0
15632,PRE,0
15638,ACT,0,124
15638,PRE,0
15638,ACT,0,92
15644,PRE,0
15656,PRE,0
15662,ACT,0,92
15662,PRE,0
15662,ACT,0,88
15668,PRE,0
15680,PRE,0
15686,ACT,0,88
15686,PRE,0
15686,ACT,0,600
15692,PRE,0
15704,PRE,0
15710,ACT,0,600
15710,PRE,0
15710,ACT,0,664
15716,PRE,0
15728,PRE,0
15734,ACT,0,664
15734,PRE,0
15734,ACT,0,665
15740,PRE,0
15752,PRE,0
15758,ACT,0,408
15758,PRE,0
15758,ACT,0,665
15764,PRE,0
15776,PRE,0
15782,ACT,0,152
15782,PRE,0
15782,ACT,0,136
15788,PRE,0
15800,PRE,0
15806,ACT,0,136
15806,PRE,0
15806,ACT,0,142
15812,PRE,0
15824,PRE,0
15830,ACT,0,142
15830,PRE,0
15830,ACT,0,166
15836,PRE,0
15848,PRE,0
15854,ACT,0,110
15854,PRE,0
15854,ACT,0,94
15860,PRE,0
15872,PRE,0
15878,ACT,0,94
15878,PRE,0
15878,ACT,0,88
15884,PRE,0
15896,PRE,0
15902,ACT,0,88
15902,PRE,0
15902,ACT,0,152
15908,PRE,0
15920,PRE,0
15926,ACT,0,152
15926,PRE,0
15926,ACT,0,408
15932,PRE,0
15944,PRE,0
15950,ACT,0,126
15950,PRE,0
15950,ACT,0,94
15956,PRE,0
15968,PRE,0
15974,ACT,0,94
15974,PRE,0
15974,ACT,0,88
15980,PRE,0
15992,PRE,0
15998,ACT,0,88
15998,PRE,0
15998,ACT,0,89
16004,PRE,0
16016,PRE,0
16022,ACT,0,89
16022,PRE,0
16022,ACT,0,153
16028,PRE,0
16040,PRE,0
16046,ACT,0,153
16046,PRE,0
16046,ACT,0,409
16052,PRE,0
16064,PRE,0
16070,ACT,0,67
16070,PRE,0
16070,ACT,0,65
16076,PRE,0
16088,PRE,0
16094,ACT,0,65
16094,PRE,0
16094,ACT,0,89
16100,PRE,0
16112,PRE,0
16118,ACT,0,89
16118,PRE,0
16118,ACT,0,88
16124,PRE,0
16136,PRE,0
16142,ACT,0,88
16142,PRE,0
16142,ACT,0,600
16148,PRE,0
16160,PRE,0
16166,ACT,0,600
16166,PRE,0
16166,ACT,0,664
16172,PRE,0
16184,PRE,0
16190,ACT,0,664
16190,PRE,0
16190,ACT,0,665
16196,PRE,0
16208,PRE,0
16214,ACT,0,408
16214,PRE,0
16214,ACT,0,665
16220,PRE,0
16232,PRE,0
16238,ACT,0,152
16238,PRE,0
16238,ACT,0,136
16244,PRE,0
16256,PRE,0
16262,ACT,0,136
16262,PRE,0
16262,ACT,0,142
16268,PRE,0
16280,PRE,0
16286,ACT,0,142
16286,PRE,0
16286,ACT,0,174
16292,PRE,0
16304,PRE,0
16310,ACT,0,577
16310,PRE,0
16310,ACT,0,65
16316,PRE,0
16328,PRE,0
16334,ACT,0,65
16334,PRE,0
16334,ACT,0,89
16340,PRE,0
16352,PRE,0
16358,ACT,0,89
16358,PRE,0
16358,ACT,0,88
16364,PRE,0
16376,PRE,0
16382,ACT,0,88
16382,PRE,0
16382,ACT,0,152
16388,PRE,0
16400,PRE,0
16406,ACT,0,152
16406,PRE,0
16406,ACT,0,408
16412,PRE,0
16424,PRE,0
16430,ACT,0,585
16430,PRE,0
16430,ACT,0,73
16436,PRE,0
16448,PRE,0
16454,ACT,0,73
16454,PRE,0
16454,ACT,0,89
16460,PRE,0
16472,PRE,0
16478,ACT,0,89
16478,PRE,0
16478,ACT,0,153
16484,PRE,0
16496,PRE,0
16502,ACT,0,153
16502,PRE,0
16502,ACT,0,409
16508,PRE,0
16520,PRE,0
16526,ACT,0,77
16526,PRE,0
16526,ACT,0,73
16532,PRE,0
16544,PRE,0
16550,ACT,0,73
16550,PRE,0
16550,ACT,0,89
16556,PRE,0
16568,PRE,0
16574,ACT,0,89
16574,PRE,0
16574,ACT,0,88
16580,PRE,0
16592,PRE,0
16598,ACT,0,88
16598,PRE,0
16598,ACT,0,600
16604,PRE,0
16616,PRE,0
16622,ACT,0,600
16622,PRE,0
16622,ACT,0,664
16628,PRE,0
16640,PRE,0
16646,ACT,0,664
16646,PRE,0
16646,ACT,0,665
16652,PRE,0
16664,PRE,0
16670,ACT,0,408
16670,PRE,0
16670,ACT,0,665
16676,PRE,0
16688,PRE,0
16694,ACT,0,152
16694,PRE,0
16694,ACT,0,136
16700,PRE,0
16712,PRE,0
16718,ACT,0,136
16718,PRE,0
16718,ACT,0,142
16724,PRE,0
16736,PRE,0
16742,ACT,0,142
16742,PRE,0
16742,ACT,0,182
16748,PRE,0
16760,PRE,0
16766,ACT,0,593
16766,PRE,0
16766,ACT,0,81
16772,PRE,0
16784,PRE,0
16790,ACT,0,81
16790,PRE,0
16790,ACT,0,89
16796,PRE,0
16808,PRE,0
16814,ACT,0,89
16814,PRE,0
16814,ACT,0,88
16820,PRE,0
16832,PRE,0
16838,ACT,0,88
16838,PRE,0
16838,ACT,0,152
16844,PRE,0
16856,PRE,0
16862,ACT,0,152
16862,PRE,0
16862,ACT,0,408
16868,PRE,0
16880,PRE,0
16886,ACT,0,87
16886,PRE,0
16886,ACT,0,81
16892,PRE,0
16904,PRE,0
16910,ACT,0,81
16910,PRE,0
16910,ACT,0,89
16916,PRE,0
16928,PRE,0
16934,ACT,0,89
16934,PRE,0
16934,ACT,0,153
16940,PRE,0
16952,PRE,0
16958,ACT,0,153
16958,PRE,0
16958,ACT,0,409
16964,PRE,0
16976,PRE,0
16982,ACT,0,617
16982,PRE,0
16982,ACT,0,601
16988,PRE,0
17000,PRE,0
17006,ACT,0,601
17006,PRE,0
17006,ACT,0,89
17012,PRE,0
17024,PRE,0
17030,ACT,0,89
17030,PRE,0
17030,ACT,0,88
17036,PRE,0
17048,PRE,0
17054,ACT,0,88
17054,PRE,0
17054,ACT,0,600
17060,PRE,0
17072,PRE,0
17078,ACT,0,600
17078,PRE,0
17078,ACT,0,664
17084,PRE,0
17096,PRE,0
17102,ACT,0,664
17102,PRE,0
17102,ACT,0,665
17108,PRE,0
17120,PRE,0
17126,ACT,0,408
17126,PRE,0
17126,ACT,0,665
17132,PRE,0
17144,PRE,0
17150,ACT,0,152
17150,PRE,0
17150,ACT,0,136
17156,PRE,0
17168,PRE,0
17174,ACT,0,136
17174,PRE,0
17174,ACT,0,142
17180,PRE,0
17192,PRE,0
17198,ACT,0,142
17198,PRE,0
17198,ACT,0,190
17204,PRE,0
17216,PRE,0
17222,ACT,0,625
17222,PRE,0
17222,ACT,0,601
17228,PRE,0
17240,PRE,0
17246,ACT,0,601
17246,PRE,0
17246,ACT,0,89
17252,PRE,0
17264,PRE,0
17270,ACT,0,89
17270,PRE,0
17270,ACT,0,88
17276,PRE,0
17288,PRE,0
17294,ACT,0,88
17294,PRE,0
17294,ACT,0,152
17300,PRE,0
17312,PRE,0
17318,ACT,0,152
17318,PRE,0
17318,ACT,0,408
17324,PRE,0
17336,PRE,0
17342,ACT,0,603
17342,PRE,0
17342,ACT,0,601
17348,PRE,0
17360,PRE,0
17366,ACT,0,601
17366,PRE,0
17366,ACT,0,89
17372,PRE,0
17384,PRE,0
17390,ACT,0,89
17390,PRE,0
17390,ACT,0,153
17396,PRE,0
17408,PRE,0
17414,ACT,0,153
17414,PRE,0
17414,ACT,0,409
17420,PRE,0
17432,PRE,0
17438,ACT,0,607
17438,PRE,0
17438,ACT,0,601
17444,PRE,0
17456,PRE,0
17462,ACT,0,601
17462,PRE,0
17462,ACT,0,89
17468,PRE,0
17480,PRE,0
17486,ACT,0,89
17486,PRE,0
17486,ACT,0,88
17492,PRE,0
17504,PRE,0
17510,ACT,0,88
17510,PRE,0
17510,ACT,0,600
17516,PRE,0
17528,PRE,0
17534,ACT,0,600
17534,PRE,0
17534,ACT,0,664
17540,PRE,0
17552,PRE,0
17558,ACT,0,664
17558,PRE,0
17558,ACT,0,665
17564,PRE,0
17576,PRE,0
17582,ACT,0,408
17582,PRE,0
17582,ACT,0,665
17588,PRE,0
17600,PRE,0
17606,ACT,0,152
17606,PRE,0
17606,ACT,0,136
17612,PRE,0
17624,PRE,0
17630,ACT,0,136
17630,PRE,0
17630,ACT,0,142
17636,PRE,0
17648,PRE,0
17654,ACT,0,142
17654,PRE,0
17654,ACT,0,206
17660,PRE,0
17672,PRE,0
17678,ACT,0,107
17678,PRE,0
17678,ACT,0,91
17684,PRE,0
17696,PRE,0
17702,ACT,0,91
17702,PRE,0
17702,ACT,0,89
17708,PRE,0
17720,PRE,0
17726,ACT,0,89
17726,PRE,0
17726,ACT,0,88
17732,PRE,0
17744,PRE,0
17750,ACT,0,88
17750,PRE,0
17750,ACT,0,152
17756,PRE,0
17768,PRE,0
17774,ACT,0,152
17774,PRE,0
17774,ACT,0,408
17780,PRE,0
17792,PRE,0
17798,ACT,0,123
17798,PRE,0
17798,ACT,0,91
17804,PRE,0
17816,PRE,0
17822,ACT,0,91
17822,PRE,0
17822,ACT,0,89
17828,PRE,0
17840,PRE,0
17846,ACT,0,89
17846,PRE,0
17846,ACT,0,153
17852,PRE,0
17864,PRE,0
17870,ACT,0,153
17870,PRE,0
17870,ACT,0,409
17876,PRE,0
17888,PRE,0
17894,ACT,0,109
17894,PRE,0
17894,ACT,0,93
17900,PRE,0
17912,PRE,0
17918,ACT,0,93
17918,PRE,0
17918,ACT,0,89
17924,PRE,0
17936,PRE,0
17942,ACT,0,89
17942,PRE,0
17942,ACT,0,88
17948,PRE,0
17960,PRE,0
17966,ACT,0,88
17966,PRE,0
17966,ACT,0,600
17972,PRE,0
17984,PRE,0
17990,ACT,0,600
17990,PRE,0
17990,ACT,0,664
17996,PRE,0
18008,PRE,0
18014,ACT,0,664
18014,PRE,0
18014,ACT,0,665
18020,PRE,0
18032,PRE,0
18038,ACT,0,408
18038,PRE,0
18038,ACT,0,665
18044,PRE,0
18056,PRE,0
18062,ACT,0,152
18062,PRE,0
18062,ACT,0,136
18068,PRE,0
18080,PRE,0
18086,ACT,0,136
18086,PRE,0
18086,ACT,0,142
18092,PRE,0
18104,PRE,0
18110,ACT,0,142
18110,PRE,0
18110,ACT,0,334
18116,PRE,0
18128,PRE,0
18134,ACT,0,103
18134,PRE,0
18134,ACT,0,95
18140,PRE,0
18152,PRE,0
18158,ACT,0,95
18158,PRE,0
18158,ACT,0,89
18164,PRE,0
18176,PRE,0
18182,ACT,0,89
18182,PRE,0
18182,ACT,0,88
18188,PRE,0
18200,PRE,0
18206,ACT,0,88
18206,PRE,0
18206,ACT,0,152
18212,PRE,0
18224,PRE,0
18230,ACT,0,152
18230,PRE,0
18230,ACT,0,408
18236,PRE,0
18248,PRE,0
18254,ACT,0,111
18254,PRE,0
18254,ACT,0,95
18260,PRE,0
18272,PRE,0
18278,ACT,0,95
18278,PRE,0
18278,ACT,0,89
18284,PRE,0
18296,PRE,0
18302,ACT,0,89
18302,PRE,0
18302,ACT,0,153
18308,PRE,0
18320,PRE,0
18326,ACT,0,153
18326,PRE,0
18326,ACT,0,409
18332,PRE,0
18344,PRE,0
18350,ACT,0,578
18350,PRE,0
18350,ACT,0,576
18356,PRE,0
18368,PRE,0
18374,ACT,0,576
18374,PRE,0
18374,ACT,0,600
18380,PRE,0
18392,PRE,0
18398,ACT,0,600
18398,PRE,0
18398,ACT,0,664
18404,PRE,0
18416,PRE,0
18422,ACT,0,664
18422,PRE,0
18422,ACT,0,665
18428,PRE,0
18440,PRE,0
18446,ACT,0,408
18446,PRE,0
18446,ACT,0,665
18452,PRE,0
18464,PRE,0
18470,ACT,0,152
18470,PRE,0
18470,ACT,0,136
18476,PRE,0
18488,PRE,0
18494,ACT,0,136
18494,PRE,0
18494,ACT,0,142
18500,PRE,0
18512,PRE,0
18518,ACT,0,142
18518,PRE,0
18518,ACT,0,462
18524,PRE,0
18536,PRE,0
18542,ACT,0,580
18542,PRE,0
18542,ACT,0,576
18548,PRE,0
18560,PRE,0
18566,ACT,0,576
18566,PRE,0
18566,ACT,0,600
18572,PRE,0
18584,PRE,0
18590,ACT,0,600
18590,PRE,0
18590,ACT,0,88
18596,PRE,0
18608,PRE,0
18614,ACT,0,88
18614,PRE,0
18614,ACT,0,152
18620,PRE,0
18632,PRE,0
18638,ACT,0,152
18638,PRE,0
18638,ACT,0,408
18644,PRE,0
18656,PRE,0
18662,ACT,0,610
18662,PRE,0
18662,ACT,0,608
18668,PRE,0
18680,PRE,0
18686,ACT,0,608
18686,PRE,0
18686,ACT,0,600
18692,PRE,0
18704,PRE,0
18710,ACT,0,600
18710,PRE,0
18710,ACT,0,88
18716,PRE,0
18728,PRE,0
18734,ACT,0,88
18734,PRE,0
18734,ACT,0,89
18740,PRE,0
18752,PRE,0
18758,ACT,0,89
18758,PRE,0
18758,ACT,0,153
18764,PRE,0
18776,PRE,0
18782,ACT,0,153
18782,PRE,0
18782,ACT,0,409
18788,PRE,0
18800,PRE,0
18806,ACT,0,586
18806,PRE,0
18806,ACT,0,584
18812,PRE,0
18824,PRE,0
18830,ACT,0,584
18830,PRE,0
18830,ACT,0,600
18836,PRE,0
18848,PRE,0
18854,ACT,0,600
18854,PRE,0
18854,ACT,0,664
18860,PRE,0
18872,PRE,0
18878,ACT,0,664
18878,PRE,0
18878,ACT,0,665
18884,PRE,0
18896,PRE,0
18902,ACT,0,408
18902,PRE,0
18902,ACT,0,665
18908,PRE,0
18920,PRE,0
18926,ACT,0,152
18926,PRE,0
18926,ACT,0,136
18932,PRE,0
18944,PRE,0
18950,ACT,0,136
18950,PRE,0
18950,ACT,0,137
18956,PRE,0
18968,PRE,0
18974,ACT,0,137
18974,PRE,0
18974,ACT,0,161
18980,PRE,0
18992,PRE,0
18998,ACT,0,161
18998,PRE,0
18998,ACT,0,673
19004,PRE,0
19016,PRE,0
19022,ACT,0,588
19022,PRE,0
19022,ACT,0,584
19028,PRE,0
19040,PRE,0
19046,ACT,0,584
19046,PRE,0
19046,ACT,0,600
19052,PRE,0
19064,PRE,0
19070,ACT,0,600
19070,PRE,0
19070,ACT,0,88
19076,PRE,0
19088,PRE,0
19094,ACT,0,88
19094,PRE,0
19094,ACT,0,152
19100,PRE,0
19112,PRE,0
19118,ACT,0,152
19118,PRE,0
19118,ACT,0,408
19124,PRE,0
19136,PRE,0
19142,ACT,0,620
19142,PRE,0
19142,ACT,0,616
19148,PRE,0
19160,PRE,0
19166,ACT,0,616
19166,PRE,0
19166,ACT,0,600
19172,PRE,0
19184,PRE,0
19190,ACT,0,600
19190,PRE,0
19190,ACT,0,88
19196,PRE,0
19208,PRE,0
19214,ACT,0,88
19214,PRE,0
19214,ACT,0,89
19220,PRE,0
19232,PRE,0
19238,ACT,0,89
19238,PRE,0
19238,ACT,0,153
19244,PRE,0
19256,PRE,0
19262,ACT,0,153
19262,PRE,0
19262,ACT,0,409
19268,PRE,0
19280,PRE,0
19286,ACT,0,634
19286,PRE,0
19286,ACT,0,632
19292,PRE,0
19304,PRE,0
19310,ACT,0,632
19310,PRE,0
19310,ACT,0,600
19316,PRE,0
19328,PRE,0
19334,ACT,0,600
19334,PRE,0
19334,ACT,0,664
19340,PRE,0
19352,PRE,0
19358,ACT,0,664
19358,PRE,0
19358,ACT,0,665
19364,PRE,0
19376,PRE,0
19382,ACT,0,408
19382,PRE,0
19382,ACT,0,665
19388,PRE,0
19400,PRE,0
19406,ACT,0,152
19406,PRE,0
19406,ACT,0,136
19412,PRE,0
19424,PRE,0
19430,ACT,0,136
19430,PRE,0
19430,ACT,0,137
19436,PRE,0
19448,PRE,0
19454,ACT,0,137
19454,PRE,0
19454,ACT,0,161
19460,PRE,0
19472,PRE,0
19478,ACT,0,161
19478,PRE,0
19478,ACT,0,163
19484,PRE,0
19496,PRE,0
19502,ACT,0,636
19502,PRE,0
19502,ACT,0,632
19508,PRE,0
19520,PRE,0
19526,ACT,0,632
19526,PRE,0
19526,ACT,0,600
19532,PRE,0
19544,PRE,0
19550,ACT,0,600
19550,PRE,0
19550,ACT,0,88
19556,PRE,0
19568,PRE,0
19574,ACT,0,88
19574,PRE,0
19574,ACT,0,152
19580,PRE,0
19592,PRE,0
19598,ACT,0,152
19598,PRE,0
19598,ACT,0,408
19604,PRE,0
19616,PRE,0
19622,ACT,0,638
19622,PRE,0
19622,ACT,0,632
19628,PRE,0
19640,PRE,0
19646,ACT,0,632
19646,PRE,0
19646,ACT,0,600
19652,PRE,0
19664,PRE,0
19670,ACT,0,600
19670,PRE,0
19670,ACT,0,88
19676,PRE,0
19688,PRE,0
19694,ACT,0,88
19694,PRE,0
19694,ACT,0,89
19700,PRE,0
19712,PRE,0
19718,ACT,0,89
19718,PRE,0
19718,ACT,0,153
19724,PRE,0
19736,PRE,0
19742,ACT,0,153
19742,PRE,0
19742,ACT,0,409
19748,PRE,0
19760,PRE,0
19766,ACT,0,594
19766,PRE,0
19766,ACT,0,592
19772,PRE,0
19784,PRE,0
19790,ACT,0,592
19790,PRE,0
19790,ACT,0,600
19796,PRE,0
19808,PRE,0
19814,ACT,0,600
19814,PRE,0
19814,ACT,0,664
19820,PRE,0
19832,PRE,0
19838,ACT,0,664
19838,PRE,0
19838,ACT,0,665
19844,PRE,0
19856,PRE,0
19862,ACT,0,408
19862,PRE,0
19862,ACT,0,665
19868,PRE,0
19880,PRE,0
19886,ACT,0,152
19886,PRE,0
19886,ACT,0,88
19892,PRE,0
19904,PRE,0
19910,ACT,0,88
19910,PRE,0
19910,ACT,0,600
19916,PRE,0
19928,PRE,0
19934,ACT,0,600
19934,PRE,0
19934,ACT,0,632
19940,PRE,0
19952,PRE,0
19958,ACT,0,632
19958,PRE,0
19958,ACT,0,636
19964,PRE,0
19976,PRE,0
19982,ACT,0,596
19982,PRE,0
19982,ACT,0,592
19988,PRE,0
20000,PRE,0
20006,ACT,0,592
20006,PRE,0
20006,ACT,0,600
20012,PRE,0
20024,PRE,0
20030,ACT,0,600
20030,PRE,0
20030,ACT,0,88
20036,PRE,0
20048,PRE,0
20054,ACT,0,88
20054,PRE,0
20054,ACT,0,152
20060,PRE,0
20072,PRE,0
20078,ACT,0,152
20078,PRE,0
20078,ACT,0,408
20084,PRE,0
20096,PRE,0
20102,ACT,0,598
20102,PRE,0
20102,ACT,0,592
20108,PRE,0
20120,PRE,0
20126,ACT,0,592
20126,PRE,0
20126,ACT,0,600
20132,PRE,0
20144,PRE,0
20150,ACT,0,600
20150,PRE,0
20150,ACT,0,88
20156,PRE,0
20168,PRE,0
20174,ACT,0,88
20174,PRE,0
20174,ACT,0,89
20180,PRE,0
20192,PRE,0
20198,ACT,0,89
20198,PRE,0
20198,ACT,0,153
20204,PRE,0
20216,PRE,0
20222,ACT,0,153
20222,PRE,0
20222,ACT,0,409
20228,PRE,0
20240,PRE,0
20246,ACT,0,626
20246,PRE,0
20246,ACT,0,624
20252,PRE,0
20264,PRE,0
20270,ACT,0,624
20270,PRE,0
20270,ACT,0,600
20276,PRE,0
20288,PRE,0
20294,ACT,0,600
20294,PRE,0
20294,ACT,0,664
20300,PRE,0
20312,PRE,0
20318,ACT,0,664
20318,PRE,0
20318,ACT,0,665
20324,PRE,0
20336,PRE,0
20342,ACT,0,408
20342,PRE,0
20342,ACT,0,665
20348,PRE,0
20360,PRE,0
20366,ACT,0,152
20366,PRE,0
20366,ACT,0,88
20372,PRE,0
20384,PRE,0
20390,ACT,0,88
20390,PRE,0
20390,ACT,0,600
20396,PRE,0
20408,PRE,0
20414,ACT,0,600
20414,PRE,0
20414,ACT,0,632
20420,PRE,0
20432,PRE,0
20438,ACT,0,632
20438,PRE,0
20438,ACT,0,638
20444,PRE,0
20456,PRE,0
20462,ACT,0,628
20462,PRE,0
20462,ACT,0,624
20468,PRE,0
20480,PRE,0
20486,ACT,0,624
20486,PRE,0
20486,ACT,0,600
20492,PRE,0
20504,PRE,0
20510,ACT,0,600
20510,PRE,0
20510,ACT,0,88
20516,PRE,0
20528,PRE,0
20534,ACT,0,88
20534,PRE,0
20534,ACT,0,152
20540,PRE,0
20552,PRE,0
20558,ACT,0,152
20558,PRE,0
20558,ACT,0,408
20564,PRE,0
20576,PRE,0
20582,ACT,0,630
20582,PRE,0
20582,ACT,0,624
20588,PRE,0
20600,PRE,0
20606,ACT,0,624
20606,PRE,0
20606,ACT,0,600
20612,PRE,0
20624,PRE,0
20630,ACT,0,600
20630,PRE,0
20630,ACT,0,88
20636,PRE,0
20648,PRE,0
20654,ACT,0,88
20654,PRE,0
20654,ACT,0,89
20660,PRE,0
20672,PRE,0
20678,ACT,0,89
20678,PRE,0
20678,ACT,0,153
20684,PRE,0
20696,PRE,0
20702,ACT,0,153
20702,PRE,0
20702,ACT,0,409
20708,PRE,0
20720,PRE,0
20726,ACT,0,130
20726,PRE,0
20726,ACT,0,128
20732,PRE,0
20744,PRE,0
20750,ACT,0,128
20750,PRE,0
20750,ACT,0,136
20756,PRE,0
20768,PRE,0
20774,ACT,0,136
20774,PRE,0
20774,ACT,0,648
20780,PRE,0
20792,PRE,0
20798,ACT,0,648
20798,PRE,0
20798,ACT,0,664
20804,PRE,0
20816,PRE,0
20822,ACT,0,664
20822,PRE,0
20822,ACT,0,665
20828,PRE,0
20840,PRE,0
20846,ACT,0,408
20846,PRE,0
20846,ACT,0,665
20852,PRE,0
20864,PRE,0
20870,ACT,0,152
20870,PRE,0
20870,ACT,0,88
20876,PRE,0
20888,PRE,0
20894,ACT,0,88
20894,PRE,0
20894,ACT,0,600
20900,PRE,0
20912,PRE,0
20918,ACT,0,600
20918,PRE,0
20918,ACT,0,592
20924,PRE,0
20936,PRE,0
20942,ACT,0,592
20942,PRE,0
20942,ACT,0,594
20948,PRE,0
20960,PRE,0
20966,ACT,0,132
20966,PRE,0
20966,ACT,0,128
20972,PRE,0
20984,PRE,0
20990,ACT,0,128
20990,PRE,0
20990,ACT,0,136
20996,PRE,0
21008,PRE,0
21014,ACT,0,136
21014,PRE,0
21014,ACT,0,152
21020,PRE,0
21032,PRE,0
21038,ACT,0,152
21038,PRE,0
21038,ACT,0,408
21044,PRE,0
21056,PRE,0
21062,ACT,0,134
21062,PRE,0
21062,ACT,0,128
21068,PRE,0
21080,PRE,0
21086,ACT,0,128
21086,PRE,0
21086,ACT,0,136
21092,PRE,0
21104,PRE,0
21110,ACT,0,136
21110,PRE,0
21110,ACT,0,137
21116,PRE,0
21128,PRE,0
21134,ACT,0,137
21134,PRE,0
21134,ACT,0,153
21140,PRE,0
21152,PRE,0
21158,ACT,0,153
21158,PRE,0
21158,ACT,0,409
21164,PRE,0
21176,PRE,0
21182,ACT,0,266
21182,PRE,0
21182,ACT,0,138
21188,PRE,0
21200,PRE,0
21206,ACT,0,138
21206,PRE,0
21206,ACT,0,136
21212,PRE,0
21224,PRE,0
21230,ACT,0,136
21230,PRE,0
21230,ACT,0,648
21236,PRE,0
21248,PRE,0
21254,ACT,0,648
21254,PRE,0
21254,ACT,0,664
21260,PRE,0
21272,PRE,0
21278,ACT,0,664
21278,PRE,0
21278,ACT,0,665
21284,PRE,0
21296,PRE,0
21302,ACT,0,408
21302,PRE,0
21302,ACT,0,665
21308,PRE,0
21320,PRE,0
21326,ACT,0,152
21326,PRE,0
21326,ACT,0,88
21332,PRE,0
21344,PRE,0
21350,ACT,0,88
21350,PRE,0
21350,ACT,0,600
21356,PRE,0
21368,PRE,0
21374,ACT,0,600
21374,PRE,0
21374,ACT,0,592
21380,PRE,0
21392,PRE,0
21398,ACT,0,592
21398,PRE,0
21398,ACT,0,596
21404,PRE,0
21416,PRE,0
21422,ACT,0,394
21422,PRE,0
21422,ACT,0,138
21428,PRE,0
21440,PRE,0
21446,ACT,0,138
21446,PRE,0
21446,ACT,0,136
21452,PRE,0
21464,PRE,0
21470,ACT,0,136
21470,PRE,0
21470,ACT,0,152
21476,PRE,0
21488,PRE,0
21494,ACT,0,152
21494,PRE,0
21494,ACT,0,408
21500,PRE,0
21512,PRE,0
21518,ACT,0,146
21518,PRE,0
21518,ACT,0,138
21524,PRE,0
21536,PRE,0
21542,ACT,0,138
21542,PRE,0
21542,ACT,0,136
21548,PRE,0
21560,PRE,0
21566,ACT,0,136
21566,PRE,0
21566,ACT,0,137
21572,PRE,0
21584,PRE,0
21590,ACT,0,137
21590,PRE,0
21590,ACT,0,153
21596,PRE,0
21608,PRE,0
21614,ACT,0,153
21614,PRE,0
21614,ACT,0,409
21620,PRE,0
21632,PRE,0
21638,ACT,0,162
21638,PRE,0
21638,ACT,0,138
21644,PRE,0
21656,PRE,0
21662,ACT,0,138
21662,PRE,0
21662,ACT,0,136
21668,PRE,0
21680,PRE,0
21686,ACT,0,136
21686,PRE,0
21686,ACT,0,648
21692,PRE,0
21704,PRE,0
21710,ACT,0,648
21710,PRE,0
21710,ACT,0,664
21716,PRE,0
21728,PRE,0
21734,ACT,0,664
21734,PRE,0
21734,ACT,0,665
21740,PRE,0
21752,PRE,0
21758,ACT,0,408
21758,PRE,0
21758,ACT,0,665
21764,PRE,0
21776,PRE,0
21782,ACT,0,152
21782,PRE,0
21782,ACT,0,88
21788,PRE,0
21800,PRE,0
21806,ACT,0,88
21806,PRE,0
21806,ACT,0,600
21812,PRE,0
21824,PRE,0
21830,ACT,0,600
21830,PRE,0
21830,ACT,0,592
21836,PRE,0
21848,PRE,0
21854,ACT,0,592
21854,PRE,0
21854,ACT,0,598
21860,PRE,0
21872,PRE,0
21878,ACT,0,170
21878,PRE,0
21878,ACT,0,138
21884,PRE,0
21896,PRE,0
21902,ACT,0,138
21902,PRE,0
21902,ACT,0,136
21908,PRE,0
21920,PRE,0
21926,ACT,0,136
21926,PRE,0
21926,ACT,0,152
21932,PRE,0
21944,PRE,0
21950,ACT,0,152
21950,PRE,0
21950,ACT,0,408
21956,PRE,0
21968,PRE,0
21974,ACT,0,178
21974,PRE,0
21974,ACT,0,138
21980,PRE,0
21992,PRE,0
21998,ACT,0,138
21998,PRE,0
21998,ACT,0,136
22004,PRE,0
22016,PRE,0
22022,ACT,0,136
22022,PRE,0
22022,ACT,0,137
22028,PRE,0
22040,PRE,0
22046,ACT,0,137
22046,PRE,0
22046,ACT,0,153
22052,PRE,0
22064,PRE,0
22070,ACT,0,153
22070,PRE,0
22070,ACT,0,409
22076,PRE,0
22088,PRE,0
22094,ACT,0,186
22094,PRE,0
22094,ACT,0,138
22100,PRE,0
22112,PRE,0
22118,ACT,0,138
22118,PRE,0
22118,ACT,0,136
22124,PRE,0
22136,PRE,0
22142,ACT,0,136
22142,PRE,0
22142,ACT,0,648
22148,PRE,0
22160,PRE,0
22166,ACT,0,648
22166,PRE,0
22166,ACT,0,664
22172,PRE,0
22184,PRE,0
22190,ACT,0,664
22190,PRE,0
22190,ACT,0,665
22196,PRE,0
22208,PRE,0
22214,ACT,0,408
22214,PRE,0
22214,ACT,0,665
22220,PRE,0
22232,PRE,0
22238,ACT,0,152
22238,PRE,0
22238,ACT,0,88
22244,PRE,0
22256,PRE,0
22262,ACT,0,88
22262,PRE,0
22262,ACT,0,600
22268,PRE,0
22280,PRE,0
22286,ACT,0,600
22286,PRE,0
22286,ACT,0,624
22292,PRE,0
22304,PRE,0
22310,ACT,0,624
22310,PRE,0
22310,ACT,0,626
22316,PRE,0
22328,PRE,0
22334,ACT,0,458
22334,PRE,0
22334,ACT,0,138
22340,PRE,0
22352,PRE,0
22358,ACT,0,138
22358,PRE,0
22358,ACT,0,136
22364,PRE,0
22376,PRE,0
22382,ACT,0,136
22382,PRE,0
22382,ACT,0,152
22388,PRE,0
22400,PRE,0
22406,ACT,0,152
22406,PRE,0
22406,ACT,0,408
22412,PRE,0
22424,PRE,0
22430,ACT,0,202
22430,PRE,0
22430,ACT,0,138
22436,PRE,0
22448,PRE,0
22454,ACT,0,138
22454,PRE,0
22454,ACT,0,136
22460,PRE,0
22472,PRE,0
22478,ACT,0,136
22478,PRE,0
22478,ACT,0,137
22484,PRE,0
22496,PRE,0
22502,ACT,0,137
22502,PRE,0
22502,ACT,0,153
22508,PRE,0
22520,PRE,0
22526,ACT,0,153
22526,PRE,0
22526,ACT,0,409
22532,PRE,0
22544,PRE,0
22550,ACT,0,330
22550,PRE,0
22550,ACT,0,138
22556,PRE,0
22568,PRE,0
22574,ACT,0,138
22574,PRE,0
22574,ACT,0,136
22580,PRE,0
22592,PRE,0
22598,ACT,0,136
22598,PRE,0
22598,ACT,0,648
22604,PRE,0
22616,PRE,0
22622,ACT,0,648
22622,PRE,0
22622,ACT,0,664
22628,PRE,0
22640,PRE,0
22646,ACT,0,664
22646,PRE,0
22646,ACT,0,665
22652,PRE,0
22664,PRE,0
22670,ACT,0,408
22670,PRE,0
22670,ACT,0,665
22676,PRE,0
22688,PRE,0
22694,ACT,0,152
22694,PRE,0
22694,ACT,0,88
22700,PRE,0
22712,PRE,0
22718,ACT,0,88
22718,PRE,0
22718,ACT,0,600
22724,PRE,0
22736,PRE,0
22742,ACT,0,600
22742,PRE,0
22742,ACT,0,624
22748,PRE,0
22760,PRE,0
22766,ACT,0,624
22766,PRE,0
22766,ACT,0,628
22772,PRE,0
22784,PRE,0
22790,ACT,0,268
22790,PRE,0
22790,ACT,0,264
22796,PRE,0
22808,PRE,0
22814,ACT,0,264
22814,PRE,0
22814,ACT,0,136
22820,PRE,0
22832,PRE,0
22838,ACT,0,136
22838,PRE,0
22838,ACT,0,152
22844,PRE,0
22856,PRE,0
22862,ACT,0,152
22862,PRE,0
22862,ACT,0,408
22868,PRE,0
22880,PRE,0
22886,ACT,0,270
22886,PRE,0
22886,ACT,0,264
22892,PRE,0
22904,PRE,0
22910,ACT,0,264
22910,PRE,0
22910,ACT,0,136
22916,PRE,0
22928,PRE,0
22934,ACT,0,136
22934,PRE,0
22934,ACT,0,137
22940,PRE,0
22952,PRE,0
22958,ACT,0,137
22958,PRE,0
22958,ACT,0,153
22964,PRE,0
22976,PRE,0
22982,ACT,0,153
22982,PRE,0
22982,ACT,0,409
22988,PRE,0
23000,PRE,0
23006,ACT,0,396
23006,PRE,0
23006,ACT,0,140
23012,PRE,0
23024,PRE,0
23030,ACT,0,140
23030,PRE,0
23030,ACT,0,136
23036,PRE,0
23048,PRE,0
23054,ACT,0,136
23054,PRE,0
23054,ACT,0,648
23060,PRE,0
23072,PRE,0
23078,ACT,0,648
23078,PRE,0
23078,ACT,0,664
23084,PRE,0
23096,PRE,0
23102,ACT,0,664
23102,PRE,0
23102,ACT,0,665
23108,PRE,0
23120,PRE,0
23126,ACT,0,408
23126,PRE,0
23126,ACT,0,665
23132,PRE,0
23144,PRE,0
23150,ACT,0,152
23150,PRE,0
23150,ACT,0,88
23156,PRE,0
23168,PRE,0
23174,ACT,0,88
23174,PRE,0
23174,ACT,0,600
23180,PRE,0
23192,PRE,0
23198,ACT,0,600
23198,PRE,0
23198,ACT,0,624
23204,PRE,0
23216,PRE,0
23222,ACT,0,624
23222,PRE,0
23222,ACT,0,630
23228,PRE,0
23240,PRE,0
23246,ACT,0,148
23246,PRE,0
23246,ACT,0,140
23252,PRE,0
23264,PRE,0
23270,ACT,0,140
23270,PRE,0
23270,ACT,0,136
23276,PRE,0
23288,PRE,0
23294,ACT,0,136
23294,PRE,0
23294,ACT,0,152
23300,PRE,0
23312,PRE,0
23318,ACT,0,152
23318,PRE,0
23318,ACT,0,408
23324,PRE,0
23336,PRE,0
23342,ACT,0,164
23342,PRE,0
23342,ACT,0,140
23348,PRE,0
23360,PRE,0
23366,ACT,0,140
23366,PRE,0
23366,ACT,0,136
23372,PRE,0
23384,PRE,0
23390,ACT,0,136
23390,PRE,0
23390,ACT,0,137
23396,PRE,0
23408,PRE,0
23414,ACT,0,137
23414,PRE,0
23414,ACT,0,153
23420,PRE,0
23432,PRE,0
23438,ACT,0,153
23438,PRE,0
23438,ACT,0,409
23444,PRE,0
23456,PRE,0
23462,ACT,0,172
23462,PRE,0
23462,ACT,0,140
23468,PRE,0
23480,PRE,0
23486,ACT,0,140
23486,PRE,0
23486,ACT,0,136
23492,PRE,0
23504,PRE,0
23510,ACT,0,136
23510,PRE,0
23510,ACT,0,648
23516,PRE,0
23528,PRE,0
23534,ACT,0,648
23534,PRE,0
23534,ACT,0,664
23540,PRE,0
23552,PRE,0
23558,ACT,0,664
23558,PRE,0
23558,ACT,0,665
23564,PRE,0
23576,PRE,0
23582,ACT,0,408
23582,PRE,0
23582,ACT,0,665
23588,PRE,0
23600,PRE,0
23606,ACT,0,152
23606,PRE,0
23606,ACT,0,136
23612,PRE,0
23624,PRE,0
23630,ACT,0,136
23630,PRE,0
23630,ACT,0,128
23636,PRE,0
23648,PRE,0
23654,ACT,0,128
23654,PRE,0
23654,ACT,0,130
23660,PRE,0
23672,PRE,0
23678,ACT,0,180
23678,PRE,0
23678,ACT,0,140
23684,PRE,0
23696,PRE,0
23702,ACT,0,140
23702,PRE,0
23702,ACT,0,136
23708,PRE,0
23720,PRE,0
23726,ACT,0,136
23726,PRE,0
23726,ACT,0,152
23732,PRE,0
23744,PRE,0
23750,ACT,0,152
23750,PRE,0
23750,ACT,0,408
23756,PRE,0
23768,PRE,0
23774,ACT,0,188
23774,PRE,0
23774,ACT,0,140
23780,PRE,0
23792,PRE,0
23798,ACT,0,140
23798,PRE,0
23798,ACT,0,136
23804,PRE,0
23816,PRE,0
23822,ACT,0,136
23822,PRE,0
23822,ACT,0,137
23828,PRE,0
23840,PRE,0
23846,ACT,0,137
23846,PRE,0
23846,ACT,0,153
23852,PRE,0
23864,PRE,0
23870,ACT,0,153
23870,PRE,0
23870,ACT,0,409
23876,PRE,0
23888,PRE,0
23894,ACT,0,332
23894,PRE,0
23894,ACT,0,140
23900,PRE,0
23912,PRE,0
23918,ACT,0,140
23918,PRE,0
23918,ACT,0,136
23924,PRE,0
23936,PRE,0
23942,ACT,0,136
23942,PRE,0
23942,ACT,0,648
23948,PRE,0
23960,PRE,0
23966,ACT,0,648
23966,PRE,0
23966,ACT,0,664
23972,PRE,0
23984,PRE,0
23990,ACT,0,664
23990,PRE,0
23990,ACT,0,665
23996,PRE,0
24008,PRE,0
24014,ACT,0,408
24014,PRE,0
24014,ACT,0,665
24020,PRE,0
24032,PRE,0
24038,ACT,0,152
24038,PRE,0
24038,ACT,0,136
24044,PRE,0
24056,PRE,0
24062,ACT,0,136
24062,PRE,0
24062,ACT,0,128
24068,PRE,0
24080,PRE,0
24086,ACT,0,128
24086,PRE,0
24086,ACT,0,132
24092,PRE,0
24104,PRE,0
24110,ACT,0,460
24110,PRE,0
24110,ACT,0,140
24116,PRE,0
24128,PRE,0
24134,ACT,0,140
24134,PRE,0
24134,ACT,0,136
24140,PRE,0
24152,PRE,0
24158,ACT,0,136
24158,PRE,0
24158,ACT,0,152
24164,PRE,0
24176,PRE,0
24182,ACT,0,152
24182,PRE,0
24182,ACT,0,408
24188,PRE,0
24200,PRE,0
24206,ACT,0,204
24206,PRE,0
24206,ACT,0,140
24212,PRE,0
24224,PRE,0
24230,ACT,0,140
24230,PRE,0
24230,ACT,0,136
24236,PRE,0
24248,PRE,0
24254,ACT,0,136
24254,PRE,0
24254,ACT,0,137
24260,PRE,0
24272,PRE,0
24278,ACT,0,137
24278,PRE,0
24278,ACT,0,153
24284,PRE,0
24296,PRE,0
24302,ACT,0,153
24302,PRE,0
24302,ACT,0,409
24308,PRE,0
24320,PRE,0
24326,ACT,0,398
24326,PRE,0
24326,ACT,0,392
24332,PRE,0
24344,PRE,0
24350,ACT,0,392
24350,PRE,0
24350,ACT,0,136
24356,PRE,0
24368,PRE,0
24374,ACT,0,136
24374,PRE,0
24374,ACT,0,648
24380,PRE,0
24392,PRE,0
24398,ACT,0,648
24398,PRE,0
24398,ACT,0,664
24404,PRE,0
24416,PRE,0
24422,ACT,0,664
24422,PRE,0
24422,ACT,0,665
24428,PRE,0
24440,PRE,0
24446,ACT,0,408
24446,PRE,0
24446,ACT,0,665
24452,PRE,0
24464,PRE,0
24470,ACT,0,152
24470,PRE,0
24470,ACT,0,136
24476,PRE,0
24488,PRE,0
24494,ACT,0,136
24494,PRE,0
24494,ACT,0,128
24500,PRE,0
24512,PRE,0
24518,ACT,0,128
24518,PRE,0
24518,ACT,0,134
24524,PRE,0
24536,PRE,0
24542,ACT,0,150
24542,PRE,0
24542,ACT,0,142
24548,PRE,0
24560,PRE,0
24566,ACT,0,142
24566,PRE,0
24566,ACT,0,136
24572,PRE,0
24584,PRE,0
24590,ACT,0,136
24590,PRE,0
24590,ACT,0,152
24596,PRE,0
24608,PRE,0
24614,ACT,0,152
24614,PRE,0
24614,ACT,0,408
24620,PRE,0
24632,PRE,0
24638,ACT,0,166
24638,PRE,0
24638,ACT,0,142
24644,PRE,0
24656,PRE,0
24662,ACT,0,142
24662,PRE,0
24662,ACT,0,136
24668,PRE,0
24680,PRE,0
24686,ACT,0,136
24686,PRE,0
24686,ACT,0,137
24692,PRE,0
24704,PRE,0
24710,ACT,0,137
24710,PRE,0
24710,ACT,0,153
24716,PRE,0
24728,PRE,0
24734,ACT,0,153
24734,PRE,0
24734,ACT,0,409
24740,PRE,0
24752,PRE,0
24758,ACT,0,174
24758,PRE,0
24758,ACT,0,142
24764,PRE,0
24776,PRE,0
24782,ACT,0,142
24782,PRE,0
24782,ACT,0,136
24788,PRE,0
24800,PRE,0
24806,ACT,0,136
24806,PRE,0
24806,ACT,0,648
24812,PRE,0
24824,PRE,0
24830,ACT,0,648
24830,PRE,0
24830,ACT,0,664
24836,PRE,0
24848,PRE,0
24854,ACT,0,664
24854,PRE,0
24854,ACT,0,665
24860,PRE,0
24872,PRE,0
24878,ACT,0,408
24878,PRE,0
24878,ACT,0,665
24884,PRE,0
24896,PRE,0
24902,ACT,0,152
24902,PRE,0
24902,ACT,0,136
24908,PRE,0
24920,PRE,0
24926,ACT,0,136
24926,PRE,0
24926,ACT,0,138
24932,PRE,0
24944,PRE,0
24950,ACT,0,138
24950,PRE,0
24950,ACT,0,266
24956,PRE,0
24968,PRE,0
24974,ACT,0,182
24974,PRE,0
24974,ACT,0,142
24980,PRE,0
24992,PRE,0
24998,ACT,0,142
24998,PRE,0
24998,ACT,0,136
25004,PRE,0
25016,PRE,0
25022,ACT,0,136
25022,PRE,0
25022,ACT,0,152
25028,PRE,0
25040,PRE,0
25046,ACT,0,152
25046,PRE,0
25046,ACT,0,408
25052,PRE,0
25064,PRE,0
25070,ACT,0,190
25070,PRE,0
25070,ACT,0,142
25076,PRE,0
25088,PRE,0
25094,ACT,0,142
25094,PRE,0
25094,ACT,0,136
25100,PRE,0
25112,PRE,0
25118,ACT,0,136
25118,PRE,0
25118,ACT,0,137
25124,PRE,0
25136,PRE,0
25142,ACT,0,137
25142,PRE,0
25142,ACT,0,153
25148,PRE,0
25160,PRE,0
25166,ACT,0,153
25166,PRE,0
25166,ACT,0,409
25172,PRE,0
25184,PRE,0
25190,ACT,0,206
25190,PRE,0
25190,ACT,0,142
25196,PRE,0
25208,PRE,0
25214,ACT,0,142
25214,PRE,0
25214,ACT,0,136
25220,PRE,0
25232,PRE,0
25238,ACT,0,136
25238,PRE,0
25238,ACT,0,648
25244,PRE,0
25256,PRE,0
25262,ACT,0,648
25262,PRE,0
25262,ACT,0,664
25268,PRE,0
25280,PRE,0
25286,ACT,0,664
25286,PRE,0
25286,ACT,0,665
25292,PRE,0
25304,PRE,0
25310,ACT,0,408
25310,PRE,0
25310,ACT,0,665
25316,PRE,0
25328,PRE,0
25334,ACT,0,152
25334,PRE,0
25334,ACT,0,136
25340,PRE,0
25352,PRE,0
25358,ACT,0,136
25358,PRE,0
25358,ACT,0,138
25364,PRE,0
25376,PRE,0
25382,ACT,0,138
25382,PRE,0
25382,ACT,0,394
25388,PRE,0
25400,PRE,0
25406,ACT,0,334
25406,PRE,0
25406,ACT,0,142
25412,PRE,0
25424,PRE,0
25430,ACT,0,142
25430,PRE,0
25430,ACT,0,136
25436,PRE,0
25448,PRE,0
25454,ACT,0,136
25454,PRE,0
25454,ACT,0,152
25460,PRE,0
25472,PRE,0
25478,ACT,0,152
25478,PRE,0
25478,ACT,0,408
25484,PRE,0
25496,PRE,0
25502,ACT,0,462
25502,PRE,0
25502,ACT,0,142
25508,PRE,0
25520,PRE,0
25526,ACT,0,142
25526,PRE,0
25526,ACT,0,136
25532,PRE,0
25544,PRE,0
25550,ACT,0,136
25550,PRE,0
25550,ACT,0,137
25556,PRE,0
25568,PRE,0
25574,ACT,0,137
25574,PRE,0
25574,ACT,0,153
25580,PRE,0
25592,PRE,0
25598,ACT,0,153
25598,PRE,0
25598,ACT,0,409
25604,PRE,0
25616,PRE,0
25622,ACT,0,673
25622,PRE,0
25622,ACT,0,161
25628,PRE,0
25640,PRE,0
25646,ACT,0,161
25646,PRE,0
25646,ACT,0,137
25652,PRE,0
25664,PRE,0
25670,ACT,0,137
25670,PRE,0
25670,ACT,0,136
25676,PRE,0
25688,PRE,0
25694,ACT,0,136
25694,PRE,0
25694,ACT,0,648
25700,PRE,0
25712,PRE,0
25718,ACT,0,648
25718,PRE,0
25718,ACT,0,664
25724,PRE,0
25736,PRE,0
25742,ACT,0,664
25742,PRE,0
25742,ACT,0,665
25748,PRE,0
25760,PRE,0
25766,ACT,0,408
25766,PRE,0
25766,ACT,0,665
25772,PRE,0
25784,PRE,0
25790,ACT,0,152
25790,PRE,0
25790,ACT,0,136
25796,PRE,0
25808,PRE,0
25814,ACT,0,136
25814,PRE,0
25814,ACT,0,138
25820,PRE,0
25832,PRE,0
25838,ACT,0,138
25838,PRE,0
25838,ACT,0,146
25844,PRE,0
25856,PRE,0
25862,ACT,0,163
25862,PRE,0
25862,ACT,0,161
25868,PRE,0
25880,PRE,0
25886,ACT,0,161
25886,PRE,0
25886,ACT,0,137
25892,PRE,0
25904,PRE,0
25910,ACT,0,137
25910,PRE,0
25910,ACT,0,136
25916,PRE,0
25928,PRE,0
25934,ACT,0,136
25934,PRE,0
25934,ACT,0,152
25940,PRE,0
25952,PRE,0
25958,ACT,0,152
25958,PRE,0
25958,ACT,0,408
25964,PRE,0
25976,PRE,0
25982,ACT,0,622
25982,PRE,0
25982,ACT,0,616
25988,PRE,0
26000,PRE,0
26006,ACT,0,616
26006,PRE,0
26006,ACT,0,600
26012,PRE,0
26024,PRE,0
26030,ACT,0,600
26030,PRE,0
26030,ACT,0,88
26036,PRE,0
26048,PRE,0
26054,ACT,0,88
26054,PRE,0
26054,ACT,0,89
26060,PRE,0
26072,PRE,0
26078,ACT,0,89
26078,PRE,0
26078,ACT,0,153
26084,PRE,0
26096,PRE,0
26102,ACT,0,153
26102,PRE,0
26102,ACT,0,409
26108,PRE,0
26120,PRE,0
26126,ACT,0,622
26126,PRE,0
26126,ACT,0,616
26132,PRE,0
26144,PRE,0
26150,ACT,0,616
26150,PRE,0
26150,ACT,0,600
26156,PRE,0
26168,PRE,0
26174,ACT,0,600
26174,PRE,0
26174,ACT,0,664
26180,PRE,0
26192,PRE,0
26198,ACT,0,664
26198,PRE,0
26198,ACT,0,665
26204,PRE,0
26216,PRE,0
26222,ACT,0,408
26222,PRE,0
26222,ACT,0,665
26228,PRE,0
26240,PRE,0
26246,ACT,0,152
26246,PRE,0
26246,ACT,0,136
26252,PRE,0
26264,PRE,0
26270,ACT,0,136
26270,PRE,0
26270,ACT,0,138
26276,PRE,0
26288,PRE,0
26294,ACT,0,138
26294,PRE,0
26294,ACT,0,162
26300,PRE,0
26312,PRE,0
26318,ACT,0,636
26318,PRE,0
26318,ACT,0,632
26324,PRE,0
26336,PRE,0
26342,ACT,0,632
26342,PRE,0
26342,ACT,0,600
26348,PRE,0
26360,PRE,0
26366,ACT,0,600
26366,PRE,0
26366,ACT,0,88
26372,PRE,0
26384,PRE,0
26390,ACT,0,88
26390,PRE,0
26390,ACT,0,152
26396,PRE,0
26408,PRE,0
26414,ACT,0,152
26414,PRE,0
26414,ACT,0,408
26420,PRE,0
26432,PRE,0
26438,ACT,0,638
26438,PRE,0
26438,ACT,0,632
26444,PRE,0
26456,PRE,0
26462,ACT,0,632
26462,PRE,0
26462,ACT,0,600
26468,PRE,0
26480,PRE,0
26486,ACT,0,600
26486,PRE,0
26486,ACT,0,88
26492,PRE,0
26504,PRE,0
26510,ACT,0,88
26510,PRE,0
26510,ACT,0,89
26516,PRE,0
26528,PRE,0
26534,ACT,0,89
26534,PRE,0
26534,ACT,0,153
26540,PRE,0
26552,PRE,0
26558,ACT,0,153
26558,PRE,0
26558,ACT,0,409
26564,PRE,0
26576,PRE,0
26582,ACT,0,594
26582,PRE,0
26582,ACT,0,592
26588,PRE,0
26600,PRE,0
26606,ACT,0,592
26606,PRE,0
26606,ACT,0,600
26612,PRE,0
26624,PRE,0
26630,ACT,0,600
26630,PRE,0
26630,ACT,0,664
26636,PRE,0
26648,PRE,0
26654,ACT,0,664
26654,PRE,0
26654,ACT,0,665
26660,PRE,0
26672,PRE,0
26678,ACT,0,408
26678,PRE,0
26678,ACT,0,665
26684,PRE,0
26696,PRE,0
26702,ACT,0,152
26702,PRE,0
26702,ACT,0,88
26708,PRE,0
26720,PRE,0
26726,ACT,0,88
26726,PRE,0
26726,ACT,0,600
26732,PRE,0
26744,PRE,0
26750,ACT,0,600
26750,PRE,0
26750,ACT,0,632
26756,PRE,0
26768,PRE,0
26774,ACT,0,632
26774,PRE,0
26774,ACT,0,636
26780,PRE,0
26792,PRE,0
26798,ACT,0,596
26798,PRE,0
26798,ACT,0,592
26804,PRE,0
26816,PRE,0
26822,ACT,0,592
26822,PRE,0
26822,ACT,0,600
26828,PRE,0
26840,PRE,0
26846,ACT,0,600
26846,PRE,0
26846,ACT,0,88
26852,PRE,0
26864,PRE,0
26870,ACT,0,88
26870,PRE,0
26870,ACT,0,152
26876,PRE,0
26888,PRE,0
26894,ACT,0,152
26894,PRE,0
26894,ACT,0,408
26900,PRE,0
26912,PRE,0
26918,ACT,0,598
26918,PRE,0
26918,ACT,0,592
26924,PRE,0
26936,PRE,0
26942,ACT,0,592
26942,PRE,0
26942,ACT,0,600
26948,PRE,0
26960,PRE,0
26966,ACT,0,600
26966,PRE,0
26966,ACT,0,88
26972,PRE,0
26984,PRE,0
26990,ACT,0,88
26990,PRE,0
26990,ACT,0,89
26996,PRE,0
27008,PRE,0
27014,ACT,0,89
27014,PRE,0
27014,ACT,0,153
27020,PRE,0
27032,PRE,0
27038,ACT,0,153
27038,PRE,0
27038,ACT,0,409
27044,PRE,0
27056,PRE,0
27062,ACT,0,626
27062,PRE,0
27062,ACT,0,624
27068,PRE,0
27080,PRE,0
27086,ACT,0,624
27086,PRE,0
27086,ACT,0,600
27092,PRE,0
27104,PRE,0
27110,ACT,0,600
27110,PRE,0
27110,ACT,0,664
27116,PRE,0
27128,PRE,0
27134,ACT,0,664
27134,PRE,0
27134,ACT,0,665
27140,PRE,0
27152,PRE,0
27158,ACT,0,408
27158,PRE,0
27158,ACT,0,665
27164,PRE,0
27176,PRE,0
27182,ACT,0,152
27182,PRE,0
27182,ACT,0,88
27188,PRE,0
27200,PRE,0
27206,ACT,0,88
27206,PRE,0
27206,ACT,0,600
27212,PRE,0
27224,PRE,0
27230,ACT,0,600
27230,PRE,0
27230,ACT,0,632
27236,PRE,0
27248,PRE,0
27254,ACT,0,632
27254,PRE,0
27254,ACT,0,638
27260,PRE,0
27272,PRE,0
27278,ACT,0,628
27278,PRE,0
27278,ACT,0,624
27284,PRE,0
27296,PRE,0
27302,ACT,0,624
27302,PRE,0
27302,ACT,0,600
27308,PRE,0
27320,PRE,0
27326,ACT,0,600
27326,PRE,0
27326,ACT,0,88
27332,PRE,0
27344,PRE,0
27350,ACT,0,88
27350,PRE,0
27350,ACT,0,152
27356,PRE,0
27368,PRE,0
27374,ACT,0,152
27374,PRE,0
27374,ACT,0,408
27380,PRE,0
27392,PRE,0
27398,ACT,0,630
27398,PRE,0
27398,ACT,0,624
27404,PRE,0
27416,PRE,0
27422,ACT,0,624
27422,PRE,0
27422,ACT,0,600
27428,PRE,0
27440,PRE,0
27446,ACT,0,600
27446,PRE,0
27446,ACT,0,88
27452,PRE,0
27464,PRE,0
27470,ACT,0,88
27470,PRE,0
27470,ACT,0,89
27476,PRE,0
27488,PRE,0
27494,ACT,0,89
27494,PRE,0
27494,ACT,0,153
27500,PRE,0
27512,PRE,0
27518,ACT,0,153
27518,PRE,0
27518,ACT,0,409
27524,PRE,0
27536,PRE,0
27542,ACT,0,130
27542,PRE,0
27542,ACT,0,128
27548,PRE,0
27560,PRE,0
27566,ACT,0,128
27566,PRE,0
27566,ACT,0,136
27572,PRE,0
27584,PRE,0
27590,ACT,0,136
27590,PRE,0
27590,ACT,0,648
27596,PRE,0
27608,PRE,0
27614,ACT,0,648
27614,PRE,0
27614,ACT,0,664
27620,PRE,0
27632,PRE,0
27638,ACT,0,664
27638,PRE,0
27638,ACT,0,665
27644,PRE,0
27656,PRE,0
27662,ACT,0,408
27662,PRE,0
27662,ACT,0,665
27668,PRE,0
27680,PRE,0
27686,ACT,0,152
27686,PRE,0
27686,ACT,0,88
27692,PRE,0
27704,PRE,0
27710,ACT,0,88
27710,PRE,0
27710,ACT,0,600
27716,PRE,0
27728,PRE,0
27734,ACT,0,600
27734,PRE,0
27734,ACT,0,592
27740,PRE,0
27752,PRE,0
27758,ACT,0,592
27758,PRE,0
27758,ACT,0,594
27764,PRE,0
27776,PRE,0
27782,ACT,0,132
27782,PRE,0
27782,ACT,0,128
27788,PRE,0
27800,PRE,0
27806,ACT,0,128
27806,PRE,0
27806,ACT,0,136
27812,PRE,0
27824,PRE,0
27830,ACT,0,136
27830,PRE,0
27830,ACT,0,152
27836,PRE,0
27848,PRE,0
27854,ACT,0,152
27854,PRE,0
27854,ACT,0,408
27860,PRE,0
27872,PRE,0
27878,ACT,0,134
27878,PRE,0
27878,ACT,0,128
27884,PRE,0
27896,PRE,0
27902,ACT,0,128
27902,PRE,0
27902,ACT,0,136
27908,PRE,0
27920,PRE,0
27926,ACT,0,136
27926,PRE,0
27926,ACT,0,137
27932,PRE,0
27944,PRE,0
27950,ACT,0,137
27950,PRE,0
27950,ACT,0,153
27956,PRE,0
27968,PRE,0
27974,ACT,0,153
27974,PRE,0
27974,ACT,0,409
27980,PRE,0
27992,PRE,0
27998,ACT,0,266
27998,PRE,0
27998,ACT,0,138
28004,PRE,0
28016,PRE,0
28022,ACT,0,138
28022,PRE,0
28022,ACT,0,136
28028,PRE,0
28040,PRE,0
28046,ACT,0,136
28046,PRE,0
28046,ACT,0,648
28052,PRE,0
28064,PRE,0
28070,ACT,0,648
28070,PRE,0
28070,ACT,0,664
28076,PRE,0
28088,PRE,0
28094,ACT,0,664
28094,PRE,0
28094,ACT,0,665
28100,PRE,0
28112,PRE,0
28118,ACT,0,408
28118,PRE,0
28118,ACT,0,665
28124,PRE,0
28136,PRE,0
28142,ACT,0,152
28142,PRE,0
28142,ACT,0,88
28148,PRE,0
28160,PRE,0
28166,ACT,0,88
28166,PRE,0
28166,ACT,0,600
28172,PRE,0
28184,PRE,0
28190,ACT,0,600
28190,PRE,0
28190,ACT,0,592
28196,PRE,0
28208,PRE,0
28214,ACT,0,592
28214,PRE,0
28214,ACT,0,596
28220,PRE,0
28232,PRE,0
28238,ACT,0,394
28238,PRE,0
28238,ACT,0,138
28244,PRE,0
28256,PRE,0
28262,ACT,0,138
28262,PRE,0
28262,ACT,0,136
28268,PRE,0
28280,PRE,0
28286,ACT,0,136
28286,PRE,0
28286,ACT,0,152
28292,PRE,0
28304,PRE,0
28310,ACT,0,152
28310,PRE,0
28310,ACT,0,408
28316,PRE,0
28328,PRE,0
28334,ACT,0,146
28334,PRE,0
28334,ACT,0,138
28340,PRE,0
28352,PRE,0
28358,ACT,0,138
28358,PRE,0
28358,ACT,0,136
28364,PRE,0
28376,PRE,0
28382,ACT,0,136
28382,PRE,0
28382,ACT,0,137
28388,PRE,0
28400,PRE,0
28406,ACT,0,137
28406,PRE,0
28406,ACT,0,153
28412,PRE,0
28424,PRE,0
28430,ACT,0,153
28430,PRE,0
28430,ACT,0,409
28436,PRE,0
28448,PRE,0
28454,ACT,0,162
28454,PRE,0
28454,ACT,0,138
28460,PRE,0
28472,PRE,0
28478,ACT,0,138
28478,PRE,0
28478,ACT,0,136
28484,PRE,0
28496,PRE,0
28502,ACT,0,136
28502,PRE,0
28502,ACT,0,648
28508,PRE,0
28520,PRE,0
28526,ACT,0,648
28526,PRE,0
28526,ACT,0,664
28532,PRE,0
28544,PRE,0
28550,ACT,0,664
28550,PRE,0
28550,ACT,0,665
28556,PRE,0
28568,PRE,0
28574,ACT,0,408
28574,PRE,0
28574,ACT,0,665
28580,PRE,0
28592,PRE,0
28598,ACT,0,152
28598,PRE,0
28598,ACT,0,88
28604,PRE,0
28616,PRE,0
28622,ACT,0,88
28622,PRE,0
28622,ACT,0,600
28628,PRE,0
28640,PRE,0
28646,ACT,0,600
28646,PRE,0
28646,ACT,0,592
28652,PRE,0
28664,PRE,0
28670,ACT,0,592
28670,PRE,0
28670,ACT,0,598
28676,PRE,0
28688,PRE,0
28694,ACT,0,636
28694,PRE,0
28694,ACT,0,632
28700,PRE,0
28712,PRE,0
28718,ACT,0,632
28718,PRE,0
28718,ACT,0,600
28724,PRE,0
28736,PRE,0
28742,ACT,0,600
28742,PRE,0
28742,ACT,0,88
28748,PRE,0
28760,PRE,0
28766,ACT,0,88
28766,PRE,0
28766,ACT,0,152
28772,PRE,0
28784,PRE,0
28790,ACT,0,152
28790,PRE,0
28790,ACT,0,408
28796,PRE,0
28808,PRE,0
28814,ACT,0,638
28814,PRE,0
28814,ACT,0,632
28820,PRE,0
28832,PRE,0
28838,ACT,0,632
28838,PRE,0
28838,ACT,0,600
28844,PRE,0
28856,PRE,0
28862,ACT,0,600
28862,PRE,0
28862,ACT,0,88
28868,PRE,0
28880,PRE,0
28886,ACT,0,88
28886,PRE,0
28886,ACT,0,89
28892,PRE,0
28904,PRE,0
28910,ACT,0,89
28910,PRE,0
28910,ACT,0,153
28916,PRE,0
28928,PRE,0
28934,ACT,0,153
28934,PRE,0
28934,ACT,0,409
28940,PRE,0
28952,PRE,0
28958,ACT,0,594
28958,PRE,0
28958,ACT,0,592
28964,PRE,0
28976,PRE,0
28982,ACT,0,592
28982,PRE,0
28982,ACT,0,600
28988,PRE,0
29000,PRE,0
29006,ACT,0,600
29006,PRE,0
29006,ACT,0,664
29012,PRE,0
29024,PRE,0
29030,ACT,0,664
29030,PRE,0
29030,ACT,0,665
29036,PRE,0
29048,PRE,0
29054,ACT,0,408
29054,PRE,0
29054,ACT,0,665
29060,PRE,0
29072,PRE,0
29078,ACT,0,152
29078,PRE,0
29078,ACT,0,88
29084,PRE,0
29096,PRE,0
29102,ACT,0,88
29102,PRE,0
29102,ACT,0,600
29108,PRE,0
29120,PRE,0
29126,ACT,0,600
29126,PRE,0
29126,ACT,0,632
29132,PRE,0
29144,PRE,0
29150,ACT,0,632
29150,PRE,0
29150,ACT,0,636
29156,PRE,0
29168,PRE,0
29174,ACT,0,596
29174,PRE,0
29174,ACT,0,592
29180,PRE,0
29192,PRE,0
29198,ACT,0,592
29198,PRE,0
29198,ACT,0,600
29204,PRE,0
29216,PRE,0
29222,ACT,0,600
29222,PRE,0
29222,ACT,0,88
29228,PRE,0
29240,PRE,0
29246,ACT,0,88
29246,PRE,0
29246,ACT,0,152
29252,PRE,0
29264,PRE,0
29270,ACT,0,152
29270,PRE,0
29270,ACT,0,408
29276,PRE,0
29288,PRE,0
29294,ACT,0,598
29294,PRE,0
29294,ACT,0,592
29300,PRE,0
29312,PRE,0
29318,ACT,0,592
29318,PRE,0
29318,ACT,0,600
29324,PRE,0
29336,PRE,0
29342,ACT,0,600
29342,PRE,0
29342,ACT,0,88
29348,PRE,0
29360,PRE,0
29366,ACT,0,88
29366,PRE,0
29366,ACT,0,89
29372,PRE,0
29384,PRE,0
29390,ACT,0,89
29390,PRE,0
29390,ACT,0,153
29396,PRE,0
29408,PRE,0
29414,ACT,0,153
29414,PRE,0
29414,ACT,0,409
29420,PRE,0
29432,PRE,0
29438,ACT,0,634
29438,PRE,0
29438,ACT,0,632
29444,PRE,0
29456,PRE,0
29462,ACT,0,632
29462,PRE,0
29462,ACT,0,600
29468,PRE,0
29480,PRE,0
29486,ACT,0,600
29486,PRE,0
29486,ACT,0,664
29492,PRE,0
29504,PRE,0
29510,ACT,0,664
29510,PRE,0
29510,ACT,0,665
29516,PRE,0
29528,PRE,0
29534,ACT,0,408
29534,PRE,0
29534,ACT,0,665
29540,PRE,0
29552,PRE,0
29558,ACT,0,152
29558,PRE,0
29558,ACT,0,88
29564,PRE,0
29576,PRE,0
29582,ACT,0,88
29582,PRE,0
29582,ACT,0,600
29588,PRE,0
29600,PRE,0
29606,ACT,0,600
29606,PRE,0
29606,ACT,0,632
29612,PRE,0
29624,PRE,0
29630,ACT,0,632
29630,PRE,0
29630,ACT,0,638
29636,PRE,0
29648,PRE,0
29654,ACT,0,636
29654,PRE,0
29654,ACT,0,632
29660,PRE,0
29672,PRE,0
29678,ACT,0,632
29678,PRE,0
29678,ACT,0,600
29684,PRE,0
29696,PRE,0
29702,ACT,0,600
29702,PRE,0
29702,ACT,0,88
29708,PRE,0
29720,PRE,0
29726,ACT,0,88
29726,PRE,0
29726,ACT,0,152
29732,PRE,0
29744,PRE,0
29750,ACT,0,152
29750,PRE,0
29750,ACT,0,408
29756,PRE,0
29768,PRE,0
29774,ACT,0,638
29774,PRE,0
29774,ACT,0,632
29780,PRE,0
29792,PRE,0
29798,ACT,0,632
29798,PRE,0
29798,ACT,0,600
29804,PRE,0
29816,PRE,0
29822,ACT,0,600
29822,PRE,0
29822,ACT,0,88
29828,PRE,0
29840,PRE,0
29846,ACT,0,88
29846,PRE,0
29846,ACT,0,89
29852,PRE,0
29864,PRE,0
29870,ACT,0,89
29870,PRE,0
29870,ACT,0,153
29876,PRE,0
29888,PRE,0
29894,ACT,0,153
29894,PRE,0
29894,ACT,0,409
29900,PRE,0
29912,PRE,0
29918,ACT,0,622
29918,PRE,0
29918,ACT,0,616
29924,PRE,0
29936,PRE,0
29942,ACT,0,616
29942,PRE,0
29942,ACT,0,600
29948,PRE,0
29960,PRE,0
29966,ACT,0,600
29966,PRE,0
29966,ACT,0,664
29972,PRE,0
29984,PRE,0
29990,ACT,0,664
29990,PRE,0
29990,ACT,0,665
29996,PRE,0
30008,PRE,0
30014,ACT,0,408
30014,PRE,0
30014,ACT,0,665
30020,PRE,0
30032,PRE,0
30038,ACT,0,152
30038,PRE,0
30038,ACT,0,88
30044,PRE,0
30056,PRE,0
30062,ACT,0,88
30062,PRE,0
30062,ACT,0,600
30068,PRE,0
30080,PRE,0
30086,ACT,0,600
30086,PRE,0
30086,ACT,0,632
30092,PRE,0
30104,PRE,0
30110,ACT,0,632
30110,PRE,0
30110,ACT,0,636
30116,PRE,0
30130,PRE,0
