13,PRE,0
40,PRE,0
83,PRE,0
100,ACT,0,256
131,PRE,0
133,ACT,0,0
160,PRE,0
203,PRE,0
220,ACT,0,0
251,PRE,0
253,ACT,0,24
280,PRE,0
323,PRE,0
340,ACT,0,24
371,PRE,0
373,ACT,0,152
400,PRE,0
443,PRE,0
460,ACT,0,152
491,PRE,0
493,ACT,0,408
520,PRE,0
563,PRE,0
580,ACT,0,384
611,PRE,0
613,ACT,0,0
640,PRE,0
683,PRE,0
700,ACT,0,0
731,PRE,0
733,ACT,0,24
760,PRE,0
803,PRE,0
820,ACT,0,24
851,PRE,0
853,ACT,0,25
880,PRE,0
923,PRE,0
940,ACT,0,25
971,PRE,0
973,ACT,0,153
1000,PRE,0
1043,PRE,0
1060,ACT,0,153
1091,PRE,0
1093,ACT,0,409
1120,PRE,0
1163,PRE,0
1180,ACT,0,192
1211,PRE,0
1213,ACT,0,0
1240,PRE,0
1283,PRE,0
1300,ACT,0,0
1331,PRE,0
1333,ACT,0,24
1360,PRE,0
1403,PRE,0
1420,ACT,0,24
1451,PRE,0
1453,ACT,0,536
1480,PRE,0
1523,PRE,0
1540,ACT,0,536
1571,PRE,0
1573,ACT,0,664
1600,PRE,0
1643,PRE,0
1660,ACT,0,664
1691,PRE,0
1693,ACT,0,665
1720,PRE,0
1763,PRE,0
1780,ACT,0,152
1811,PRE,0
1813,ACT,0,88
1840,PRE,0
1883,PRE,0
1900,ACT,0,88
1931,PRE,0
1933,ACT,0,600
1960,PRE,0
2003,PRE,0
2020,ACT,0,600
2051,PRE,0
2053,ACT,0,632
2080,PRE,0
2123,PRE,0
2140,ACT,0,632
2171,PRE,0
2173,ACT,0,636
2200,PRE,0
2243,PRE,0
2260,ACT,0,320
2291,PRE,0
2293,ACT,0,0
2320,PRE,0
2363,PRE,0
2380,ACT,0,0
2411,PRE,0
2413,ACT,0,24
2440,PRE,0
2483,PRE,0
2500,ACT,0,24
2531,PRE,0
2533,ACT,0,152
2560,PRE,0
2603,PRE,0
2620,ACT,0,152
2651,PRE,0
2653,ACT,0,408
2680,PRE,0
2723,PRE,0
2740,ACT,0,12
2771,PRE,0
2773,ACT,0,8
2800,PRE,0
2843,PRE,0
2860,ACT,0,8
2891,PRE,0
2893,ACT,0,24
2920,PRE,0
2963,PRE,0
2980,ACT,0,24
3011,PRE,0
3013,ACT,0,25
3040,PRE,0
3083,PRE,0
3100,ACT,0,25
3131,PRE,0
3133,ACT,0,153
3160,PRE,0
3203,PRE,0
3220,ACT,0,153
3251,PRE,0
3253,ACT,0,409
3280,PRE,0
3323,PRE,0
3340,ACT,0,14
3371,PRE,0
3373,ACT,0,8
3400,PRE,0
3443,PRE,0
3460,ACT,0,8
3491,PRE,0
3493,ACT,0,24
3520,PRE,0
3563,PRE,0
3580,ACT,0,24
3611,PRE,0
3613,ACT,0,536
3640,PRE,0
3683,PRE,0
3700,ACT,0,536
3731,PRE,0
3733,ACT,0,664
3760,PRE,0
3803,PRE,0
3820,ACT,0,664
3851,PRE,0
3853,ACT,0,665
3880,PRE,0
3923,PRE,0
3940,ACT,0,152
3971,PRE,0
3973,ACT,0,88
4000,PRE,0
4043,PRE,0
4060,ACT,0,88
4091,PRE,0
4093,ACT,0,600
4120,PRE,0
4163,PRE,0
4180,ACT,0,600
4211,PRE,0
4213,ACT,0,632
4240,PRE,0
4283,PRE,0
4300,ACT,0,632
4331,PRE,0
4333,ACT,0,638
4360,PRE,0
4403,PRE,0
4420,ACT,0,20
4451,PRE,0
4453,ACT,0,16
4480,PRE,0
4523,PRE,0
4540,ACT,0,16
4571,PRE,0
4573,ACT,0,24
4600,PRE,0
4643,PRE,0
4660,ACT,0,24
4691,PRE,0
4693,ACT,0,152
4720,PRE,0
4763,PRE,0
4780,ACT,0,152
4811,PRE,0
4813,ACT,0,408
4840,PRE,0
4883,PRE,0
4900,ACT,0,22
4931,PRE,0
4933,ACT,0,16
4960,PRE,0
5003,PRE,0
5020,ACT,0,16
5051,PRE,0
5053,ACT,0,24
5080,PRE,0
5123,PRE,0
5140,ACT,0,24
5171,PRE,0
5173,ACT,0,25
5200,PRE,0
5243,PRE,0
5260,ACT,0,25
5291,PRE,0
5293,ACT,0,153
5320,PRE,0
5363,PRE,0
5380,ACT,0,153
5411,PRE,0
5413,ACT,0,409
5440,PRE,0
5483,PRE,0
5500,ACT,0,336
5531,PRE,0
5533,ACT,0,16
5560,PRE,0
5603,PRE,0
5620,ACT,0,16
5651,PRE,0
5653,ACT,0,24
5680,PRE,0
5723,PRE,0
5740,ACT,0,24
5771,PRE,0
5773,ACT,0,536
5800,PRE,0
5843,PRE,0
5860,ACT,0,536
5891,PRE,0
5893,ACT,0,664
5920,PRE,0
5963,PRE,0
5980,ACT,0,664
6011,PRE,0
6013,ACT,0,665
6040,PRE,0
6083,PRE,0
6100,ACT,0,152
6131,PRE,0
6133,ACT,0,88
6160,PRE,0
6203,PRE,0
6220,ACT,0,88
6251,PRE,0
6253,ACT,0,600
6280,PRE,0
6323,PRE,0
6340,ACT,0,600
6371,PRE,0
6373,ACT,0,592
6400,PRE,0
6443,PRE,0
6460,ACT,0,592
6491,PRE,0
6493,ACT,0,594
6520,PRE,0
6563,PRE,0
6580,ACT,0,282
6611,PRE,0
6613,ACT,0,280
6640,PRE,0
6683,PRE,0
6700,ACT,0,280
6731,PRE,0
6733,ACT,0,24
6760,PRE,0
6803,PRE,0
6820,ACT,0,24
6851,PRE,0
6853,ACT,0,152
6880,PRE,0
6923,PRE,0
6940,ACT,0,152
6971,PRE,0
6973,ACT,0,408
7000,PRE,0
7043,PRE,0
7060,ACT,0,284
7091,PRE,0
7093,ACT,0,280
7120,PRE,0
7163,PRE,0
7180,ACT,0,280
7211,PRE,0
7213,ACT,0,24
7240,PRE,0
7283,PRE,0
7300,ACT,0,24
7331,PRE,0
7333,ACT,0,25
7360,PRE,0
7403,PRE,0
7420,ACT,0,25
7451,PRE,0
7453,ACT,0,153
7480,PRE,0
7523,PRE,0
7540,ACT,0,153
7571,PRE,0
7573,ACT,0,409
7600,PRE,0
7643,PRE,0
7660,ACT,0,288
7691,PRE,0
7693,ACT,0,280
7720,PRE,0
7763,PRE,0
7780,ACT,0,280
7811,PRE,0
7813,ACT,0,24
7840,PRE,0
7883,PRE,0
7900,ACT,0,24
7931,PRE,0
7933,ACT,0,536
7960,PRE,0
8003,PRE,0
8020,ACT,0,536
8051,PRE,0
8053,ACT,0,664
8080,PRE,0
8123,PRE,0
8140,ACT,0,664
8171,PRE,0
8173,ACT,0,665
8200,PRE,0
8243,PRE,0
8260,ACT,0,152
8291,PRE,0
8293,ACT,0,88
8320,PRE,0
8363,PRE,0
8380,ACT,0,88
8411,PRE,0
8413,ACT,0,600
8440,PRE,0
8483,PRE,0
8500,ACT,0,600
8531,PRE,0
8533,ACT,0,592
8560,PRE,0
8603,PRE,0
8620,ACT,0,592
8651,PRE,0
8653,ACT,0,596
8680,PRE,0
8723,PRE,0
8740,ACT,0,312
8771,PRE,0
8773,ACT,0,280
8800,PRE,0
8843,PRE,0
8860,ACT,0,280
8891,PRE,0
8893,ACT,0,24
8920,PRE,0
8963,PRE,0
8980,ACT,0,24
9011,PRE,0
9013,ACT,0,152
9040,PRE,0
9083,PRE,0
9100,ACT,0,152
9131,PRE,0
9133,ACT,0,408
9160,PRE,0
9203,PRE,0
9220,ACT,0,154
9251,PRE,0
9253,ACT,0,26
9280,PRE,0
9323,PRE,0
9340,ACT,0,26
9371,PRE,0
9373,ACT,0,24
9400,PRE,0
9443,PRE,0
9460,ACT,0,24
9491,PRE,0
9493,ACT,0,25
9520,PRE,0
9563,PRE,0
9580,ACT,0,25
9611,PRE,0
9613,ACT,0,153
9640,PRE,0
9683,PRE,0
9700,ACT,0,153
9731,PRE,0
9733,ACT,0,409
9760,PRE,0
9803,PRE,0
9820,ACT,0,42
9851,PRE,0
9853,ACT,0,26
9880,PRE,0
9923,PRE,0
9940,ACT,0,26
9971,PRE,0
9973,ACT,0,24
10000,PRE,0
10043,PRE,0
10060,ACT,0,24
10091,PRE,0
10093,ACT,0,536
10120,PRE,0
10163,PRE,0
10180,ACT,0,536
10211,PRE,0
10213,ACT,0,664
10240,PRE,0
10283,PRE,0
10300,ACT,0,664
10331,PRE,0
10333,ACT,0,665
10360,PRE,0
10403,PRE,0
10420,ACT,0,152
10451,PRE,0
10453,ACT,0,88
10480,PRE,0
10523,PRE,0
10540,ACT,0,88
10571,PRE,0
10573,ACT,0,600
10600,PRE,0
10643,PRE,0
10660,ACT,0,600
10691,PRE,0
10693,ACT,0,592
10720,PRE,0
10763,PRE,0
10780,ACT,0,592
10811,PRE,0
10813,ACT,0,598
10840,PRE,0
10883,PRE,0
10900,ACT,0,58
10931,PRE,0
10933,ACT,0,26
10960,PRE,0
11003,PRE,0
11020,ACT,0,26
11051,PRE,0
11053,ACT,0,24
11080,PRE,0
11123,PRE,0
11140,ACT,0,24
11171,PRE,0
11173,ACT,0,152
11200,PRE,0
11243,PRE,0
11260,ACT,0,152
11291,PRE,0
11293,ACT,0,408
11320,PRE,0
11363,PRE,0
11380,ACT,0,218
11411,PRE,0
11413,ACT,0,26
11440,PRE,0
11483,PRE,0
11500,ACT,0,26
11531,PRE,0
11533,ACT,0,24
11560,PRE,0
11603,PRE,0
11620,ACT,0,24
11651,PRE,0
11653,ACT,0,25
11680,PRE,0
11723,PRE,0
11740,ACT,0,25
11771,PRE,0
11773,ACT,0,153
11800,PRE,0
11843,PRE,0
11860,ACT,0,153
11891,PRE,0
11893,ACT,0,409
11920,PRE,0
11963,PRE,0
11980,ACT,0,156
12011,PRE,0
12013,ACT,0,28
12040,PRE,0
12083,PRE,0
12100,ACT,0,28
12131,PRE,0
12133,ACT,0,24
12160,PRE,0
12203,PRE,0
12220,ACT,0,24
12251,PRE,0
12253,ACT,0,536
12280,PRE,0
12323,PRE,0
12340,ACT,0,536
12371,PRE,0
12373,ACT,0,664
12400,PRE,0
12443,PRE,0
12460,ACT,0,664
12491,PRE,0
12493,ACT,0,665
12520,PRE,0
12563,PRE,0
12580,ACT,0,152
12611,PRE,0
12613,ACT,0,88
12640,PRE,0
12683,PRE,0
12700,ACT,0,88
12731,PRE,0
12733,ACT,0,600
12760,PRE,0
12803,PRE,0
12820,ACT,0,600
12851,PRE,0
12853,ACT,0,624
12880,PRE,0
12923,PRE,0
12940,ACT,0,624
12971,PRE,0
12973,ACT,0,626
13000,PRE,0
13043,PRE,0
13060,ACT,0,36
13091,PRE,0
13093,ACT,0,28
13120,PRE,0
13163,PRE,0
13180,ACT,0,28
13211,PRE,0
13213,ACT,0,24
13240,PRE,0
13283,PRE,0
13300,ACT,0,24
13331,PRE,0
13333,ACT,0,152
13360,PRE,0
13403,PRE,0
13420,ACT,0,152
13451,PRE,0
13453,ACT,0,408
13480,PRE,0
13523,PRE,0
13540,ACT,0,44
13571,PRE,0
13573,ACT,0,28
13600,PRE,0
13643,PRE,0
13660,ACT,0,28
13691,PRE,0
13693,ACT,0,24
13720,PRE,0
13763,PRE,0
13780,ACT,0,24
13811,PRE,0
13813,ACT,0,25
13840,PRE,0
13883,PRE,0
13900,ACT,0,25
13931,PRE,0
13933,ACT,0,153
13960,PRE,0
14003,PRE,0
14020,ACT,0,153
14051,PRE,0
14053,ACT,0,409
14080,PRE,0
14123,PRE,0
14140,ACT,0,60
14171,PRE,0
14173,ACT,0,28
14200,PRE,0
14243,PRE,0
14260,ACT,0,28
14291,PRE,0
14293,ACT,0,24
14320,PRE,0
14363,PRE,0
14380,ACT,0,24
14411,PRE,0
14413,ACT,0,536
14440,PRE,0
14483,PRE,0
14500,ACT,0,536
14531,PRE,0
14533,ACT,0,664
14560,PRE,0
14603,PRE,0
14620,ACT,0,664
14651,PRE,0
14653,ACT,0,665
14680,PRE,0
14723,PRE,0
14740,ACT,0,152
14771,PRE,0
14773,ACT,0,88
14800,PRE,0
14843,PRE,0
14860,ACT,0,88
14891,PRE,0
14893,ACT,0,600
14920,PRE,0
14963,PRE,0
14980,ACT,0,600
15011,PRE,0
15013,ACT,0,624
15040,PRE,0
15083,PRE,0
15100,ACT,0,624
15131,PRE,0
15133,ACT,0,628
15160,PRE,0
15203,PRE,0
15220,ACT,0,476
15251,PRE,0
15253,ACT,0,28
15280,PRE,0
15323,PRE,0
15340,ACT,0,28
15371,PRE,0
15373,ACT,0,24
15400,PRE,0
15443,PRE,0
15460,ACT,0,24
15491,PRE,0
15493,ACT,0,152
15520,PRE,0
15563,PRE,0
15580,ACT,0,152
15611,PRE,0
15613,ACT,0,408
15640,PRE,0
15683,PRE,0
15700,ACT,0,158
15731,PRE,0
15733,ACT,0,30
15760,PRE,0
15803,PRE,0
15820,ACT,0,30
15851,PRE,0
15853,ACT,0,24
15880,PRE,0
15923,PRE,0
15940,ACT,0,24
15971,PRE,0
15973,ACT,0,25
16000,PRE,0
16043,PRE,0
16060,ACT,0,25
16091,PRE,0
16093,ACT,0,153
16120,PRE,0
16163,PRE,0
16180,ACT,0,153
16211,PRE,0
16213,ACT,0,409
16240,PRE,0
16283,PRE,0
16300,ACT,0,38
16331,PRE,0
16333,ACT,0,30
16360,PRE,0
16403,PRE,0
16420,ACT,0,30
16451,PRE,0
16453,ACT,0,24
16480,PRE,0
16523,PRE,0
16540,ACT,0,24
16571,PRE,0
16573,ACT,0,536
16600,PRE,0
16643,PRE,0
16660,ACT,0,536
16691,PRE,0
16693,ACT,0,664
16720,PRE,0
16763,PRE,0
16780,ACT,0,664
16811,PRE,0
16813,ACT,0,665
16840,PRE,0
16883,PRE,0
16900,ACT,0,152
16931,PRE,0
16933,ACT,0,88
16960,PRE,0
17003,PRE,0
17020,ACT,0,88
17051,PRE,0
17053,ACT,0,600
17080,PRE,0
17123,PRE,0
17140,ACT,0,600
17171,PRE,0
17173,ACT,0,624
17200,PRE,0
17243,PRE,0
17260,ACT,0,624
17291,PRE,0
17293,ACT,0,630
17320,PRE,0
17363,PRE,0
17380,ACT,0,54
17411,PRE,0
17413,ACT,0,30
17440,PRE,0
17483,PRE,0
17500,ACT,0,30
17531,PRE,0
17533,ACT,0,24
17560,PRE,0
17603,PRE,0
17620,ACT,0,24
17651,PRE,0
17653,ACT,0,152
17680,PRE,0
17723,PRE,0
17740,ACT,0,152
17771,PRE,0
17773,ACT,0,408
17800,PRE,0
17843,PRE,0
17860,ACT,0,350
17891,PRE,0
17893,ACT,0,30
17920,PRE,0
17963,PRE,0
17980,ACT,0,30
18011,PRE,0
18013,ACT,0,24
18040,PRE,0
18083,PRE,0
18100,ACT,0,24
18131,PRE,0
18133,ACT,0,25
18160,PRE,0
18203,PRE,0
18220,ACT,0,25
18251,PRE,0
18253,ACT,0,153
18280,PRE,0
18323,PRE,0
18340,ACT,0,153
18371,PRE,0
18373,ACT,0,409
18400,PRE,0
18443,PRE,0
18460,ACT,0,222
18491,PRE,0
18493,ACT,0,30
18520,PRE,0
18563,PRE,0
18580,ACT,0,30
18611,PRE,0
18613,ACT,0,24
18640,PRE,0
18683,PRE,0
18700,ACT,0,24
18731,PRE,0
18733,ACT,0,536
18760,PRE,0
18803,PRE,0
18820,ACT,0,536
18851,PRE,0
18853,ACT,0,664
18880,PRE,0
18923,PRE,0
18940,ACT,0,664
18971,PRE,0
18973,ACT,0,665
19000,PRE,0
19043,PRE,0
19060,ACT,0,152
19091,PRE,0
19093,ACT,0,136
19120,PRE,0
19163,PRE,0
19180,ACT,0,136
19211,PRE,0
19213,ACT,0,128
19240,PRE,0
19283,PRE,0
19300,ACT,0,128
19331,PRE,0
19333,ACT,0,130
19360,PRE,0
19403,PRE,0
19420,ACT,0,352
19451,PRE,0
19453,ACT,0,32
19480,PRE,0
19523,PRE,0
19540,ACT,0,32
19571,PRE,0
19573,ACT,0,24
19600,PRE,0
19643,PRE,0
19660,ACT,0,24
19691,PRE,0
19693,ACT,0,152
19720,PRE,0
19763,PRE,0
19780,ACT,0,152
19811,PRE,0
19813,ACT,0,408
19840,PRE,0
19883,PRE,0
19900,ACT,0,424
19931,PRE,0
19933,ACT,0,40
19960,PRE,0
20003,PRE,0
20020,ACT,0,40
20051,PRE,0
20053,ACT,0,24
20080,PRE,0
20123,PRE,0
20140,ACT,0,24
20171,PRE,0
20173,ACT,0,25
20200,PRE,0
20243,PRE,0
20260,ACT,0,25
20291,PRE,0
20293,ACT,0,153
20320,PRE,0
20363,PRE,0
20380,ACT,0,153
20411,PRE,0
20413,ACT,0,409
20440,PRE,0
20483,PRE,0
20500,ACT,0,360
20531,PRE,0
20533,ACT,0,40
20560,PRE,0
20603,PRE,0
20620,ACT,0,40
20651,PRE,0
20653,ACT,0,24
20680,PRE,0
20723,PRE,0
20740,ACT,0,24
20771,PRE,0
20773,ACT,0,536
20800,PRE,0
20843,PRE,0
20860,ACT,0,536
20891,PRE,0
20893,ACT,0,664
20920,PRE,0
20963,PRE,0
20980,ACT,0,664
21011,PRE,0
21013,ACT,0,665
21040,PRE,0
21083,PRE,0
21100,ACT,0,152
21131,PRE,0
21133,ACT,0,136
21160,PRE,0
21203,PRE,0
21220,ACT,0,136
21251,PRE,0
21253,ACT,0,128
21280,PRE,0
21323,PRE,0
21340,ACT,0,128
21371,PRE,0
21373,ACT,0,132
21400,PRE,0
21443,PRE,0
21460,ACT,0,488
21491,PRE,0
21493,ACT,0,40
21520,PRE,0
21563,PRE,0
21580,ACT,0,40
21611,PRE,0
21613,ACT,0,24
21640,PRE,0
21683,PRE,0
21700,ACT,0,24
21731,PRE,0
21733,ACT,0,152
21760,PRE,0
21803,PRE,0
21820,ACT,0,152
21851,PRE,0
21853,ACT,0,408
21880,PRE,0
21923,PRE,0
21940,ACT,0,240
21971,PRE,0
21973,ACT,0,48
22000,PRE,0
22043,PRE,0
22060,ACT,0,48
22091,PRE,0
22093,ACT,0,24
22120,PRE,0
22163,PRE,0
22180,ACT,0,24
22211,PRE,0
22213,ACT,0,25
22240,PRE,0
22283,PRE,0
22300,ACT,0,25
22331,PRE,0
22333,ACT,0,153
22360,PRE,0
22403,PRE,0
22420,ACT,0,153
22451,PRE,0
22453,ACT,0,409
22480,PRE,0
22523,PRE,0
22540,ACT,0,440
22571,PRE,0
22573,ACT,0,56
22600,PRE,0
22643,PRE,0
22660,ACT,0,56
22691,PRE,0
22693,ACT,0,24
22720,PRE,0
22763,PRE,0
22780,ACT,0,24
22811,PRE,0
22813,ACT,0,536
22840,PRE,0
22883,PRE,0
22900,ACT,0,536
22931,PRE,0
22933,ACT,0,664
22960,PRE,0
23003,PRE,0
23020,ACT,0,664
23051,PRE,0
23053,ACT,0,665
23080,PRE,0
23123,PRE,0
23140,ACT,0,152
23171,PRE,0
23173,ACT,0,136
23200,PRE,0
23243,PRE,0
23260,ACT,0,136
23291,PRE,0
23293,ACT,0,128
23320,PRE,0
23363,PRE,0
23380,ACT,0,128
23411,PRE,0
23413,ACT,0,134
23440,PRE,0
23483,PRE,0
23500,ACT,0,504
23531,PRE,0
23533,ACT,0,56
23560,PRE,0
23603,PRE,0
23620,ACT,0,56
23651,PRE,0
23653,ACT,0,24
23680,PRE,0
23723,PRE,0
23740,ACT,0,24
23771,PRE,0
23773,ACT,0,152
23800,PRE,0
23843,PRE,0
23860,ACT,0,152
23891,PRE,0
23893,ACT,0,408
23920,PRE,0
23963,PRE,0
23980,ACT,0,129
24011,PRE,0
24013,ACT,0,1
24040,PRE,0
24083,PRE,0
24100,ACT,0,1
24131,PRE,0
24133,ACT,0,25
24160,PRE,0
24203,PRE,0
24220,ACT,0,25
24251,PRE,0
24253,ACT,0,153
24280,PRE,0
24323,PRE,0
24340,ACT,0,153
24371,PRE,0
24373,ACT,0,409
24400,PRE,0
24443,PRE,0
24460,ACT,0,257
24491,PRE,0
24493,ACT,0,1
24520,PRE,0
24563,PRE,0
24580,ACT,0,1
24611,PRE,0
24613,ACT,0,25
24640,PRE,0
24683,PRE,0
24700,ACT,0,25
24731,PRE,0
24733,ACT,0,24
24760,PRE,0
24803,PRE,0
24820,ACT,0,24
24851,PRE,0
24853,ACT,0,536
24880,PRE,0
24923,PRE,0
24940,ACT,0,536
24971,PRE,0
24973,ACT,0,664
25000,PRE,0
25043,PRE,0
25060,ACT,0,664
25091,PRE,0
25093,ACT,0,665
25120,PRE,0
25163,PRE,0
25180,ACT,0,152
25211,PRE,0
25213,ACT,0,136
25240,PRE,0
25283,PRE,0
25300,ACT,0,136
25331,PRE,0
25333,ACT,0,138
25360,PRE,0
25403,PRE,0
25420,ACT,0,138
25451,PRE,0
25453,ACT,0,266
25480,PRE,0
25523,PRE,0
25540,ACT,0,5
25571,PRE,0
25573,ACT,0,1
25600,PRE,0
25643,PRE,0
25660,ACT,0,1
25691,PRE,0
25693,ACT,0,25
25720,PRE,0
25763,PRE,0
25780,ACT,0,25
25811,PRE,0
25813,ACT,0,24
25840,PRE,0
25883,PRE,0
25900,ACT,0,24
25931,PRE,0
25933,ACT,0,152
25960,PRE,0
26003,PRE,0
26020,ACT,0,152
26051,PRE,0
26053,ACT,0,408
26080,PRE,0
26123,PRE,0
26140,ACT,0,7
26171,PRE,0
26173,ACT,0,1
26200,PRE,0
26243,PRE,0
26260,ACT,0,1
26291,PRE,0
26293,ACT,0,25
26320,PRE,0
26363,PRE,0
26380,ACT,0,25
26411,PRE,0
26413,ACT,0,153
26440,PRE,0
26483,PRE,0
26500,ACT,0,153
26531,PRE,0
26533,ACT,0,409
26560,PRE,0
26603,PRE,0
26620,ACT,0,193
26651,PRE,0
26653,ACT,0,1
26680,PRE,0
26723,PRE,0
26740,ACT,0,1
26771,PRE,0
26773,ACT,0,25
26800,PRE,0
26843,PRE,0
26860,ACT,0,25
26891,PRE,0
26893,ACT,0,24
26920,PRE,0
26963,PRE,0
26980,ACT,0,24
27011,PRE,0
27013,ACT,0,536
27040,PRE,0
27083,PRE,0
27100,ACT,0,536
27131,PRE,0
27133,ACT,0,664
27160,PRE,0
27203,PRE,0
27220,ACT,0,664
27251,PRE,0
27253,ACT,0,665
27280,PRE,0
27323,PRE,0
27340,ACT,0,152
27371,PRE,0
27373,ACT,0,136
27400,PRE,0
27443,PRE,0
27460,ACT,0,136
27491,PRE,0
27493,ACT,0,138
27520,PRE,0
27563,PRE,0
27580,ACT,0,138
27611,PRE,0
27613,ACT,0,394
27640,PRE,0
27683,PRE,0
27700,ACT,0,449
27731,PRE,0
27733,ACT,0,1
27760,PRE,0
27803,PRE,0
27820,ACT,0,1
27851,PRE,0
27853,ACT,0,25
27880,PRE,0
27923,PRE,0
27940,ACT,0,25
27971,PRE,0
27973,ACT,0,24
28000,PRE,0
28043,PRE,0
28060,ACT,0,24
28091,PRE,0
28093,ACT,0,152
28120,PRE,0
28163,PRE,0
28180,ACT,0,152
28211,PRE,0
28213,ACT,0,408
28240,PRE,0
28283,PRE,0
28300,ACT,0,521
28331,PRE,0
28333,ACT,0,9
28360,PRE,0
28403,PRE,0
28420,ACT,0,9
28451,PRE,0
28453,ACT,0,25
28480,PRE,0
28523,PRE,0
28540,ACT,0,25
28571,PRE,0
28573,ACT,0,153
28600,PRE,0
28643,PRE,0
28660,ACT,0,153
28691,PRE,0
28693,ACT,0,409
28720,PRE,0
28763,PRE,0
28780,ACT,0,15
28811,PRE,0
28813,ACT,0,9
28840,PRE,0
28883,PRE,0
28900,ACT,0,9
28931,PRE,0
28933,ACT,0,25
28960,PRE,0
29003,PRE,0
29020,ACT,0,25
29051,PRE,0
29053,ACT,0,24
29080,PRE,0
29123,PRE,0
29140,ACT,0,24
29171,PRE,0
29173,ACT,0,536
29200,PRE,0
29243,PRE,0
29260,ACT,0,536
29291,PRE,0
29293,ACT,0,664
29320,PRE,0
29363,PRE,0
29380,ACT,0,664
29411,PRE,0
29413,ACT,0,665
29440,PRE,0
29483,PRE,0
29500,ACT,0,152
29531,PRE,0
29533,ACT,0,136
29560,PRE,0
29603,PRE,0
29620,ACT,0,136
29651,PRE,0
29653,ACT,0,138
29680,PRE,0
29723,PRE,0
29740,ACT,0,138
29771,PRE,0
29773,ACT,0,146
29800,PRE,0
29843,PRE,0
29860,ACT,0,19
29891,PRE,0
29893,ACT,0,17
29920,PRE,0
29963,PRE,0
29980,ACT,0,17
30011,PRE,0
30013,ACT,0,25
30040,PRE,0
30083,PRE,0
30100,ACT,0,25
30131,PRE,0
30133,ACT,0,24
30160,PRE,0
30203,PRE,0
30220,ACT,0,24
30251,PRE,0
30253,ACT,0,152
30280,PRE,0
30323,PRE,0
30340,ACT,0,152
30371,PRE,0
30373,ACT,0,408
30400,PRE,0
30443,PRE,0
30460,ACT,0,273
30491,PRE,0
30493,ACT,0,17
30520,PRE,0
30563,PRE,0
30580,ACT,0,17
30611,PRE,0
30613,ACT,0,25
30640,PRE,0
30683,PRE,0
30700,ACT,0,25
30731,PRE,0
30733,ACT,0,153
30760,PRE,0
30803,PRE,0
30820,ACT,0,153
30851,PRE,0
30853,ACT,0,409
30880,PRE,0
30923,PRE,0
30940,ACT,0,465
30971,PRE,0
30973,ACT,0,17
31000,PRE,0
31043,PRE,0
31060,ACT,0,17
31091,PRE,0
31093,ACT,0,25
31120,PRE,0
31163,PRE,0
31180,ACT,0,25
31211,PRE,0
31213,ACT,0,24
31240,PRE,0
31283,PRE,0
31300,ACT,0,24
31331,PRE,0
31333,ACT,0,536
31360,PRE,0
31403,PRE,0
31420,ACT,0,536
31451,PRE,0
31453,ACT,0,664
31480,PRE,0
31523,PRE,0
31540,ACT,0,664
31571,PRE,0
31573,ACT,0,665
31600,PRE,0
31643,PRE,0
31660,ACT,0,152
31691,PRE,0
31693,ACT,0,136
31720,PRE,0
31763,PRE,0
31780,ACT,0,136
31811,PRE,0
31813,ACT,0,138
31840,PRE,0
31883,PRE,0
31900,ACT,0,138
31931,PRE,0
31933,ACT,0,162
31960,PRE,0
32003,PRE,0
32020,ACT,0,337
32051,PRE,0
32053,ACT,0,17
32080,PRE,0
32123,PRE,0
32140,ACT,0,17
32171,PRE,0
32173,ACT,0,25
32200,PRE,0
32243,PRE,0
32260,ACT,0,25
32291,PRE,0
32293,ACT,0,24
32320,PRE,0
32363,PRE,0
32380,ACT,0,24
32411,PRE,0
32413,ACT,0,152
32440,PRE,0
32483,PRE,0
32500,ACT,0,152
32531,PRE,0
32533,ACT,0,408
32560,PRE,0
32603,PRE,0
32620,ACT,0,793
32651,PRE,0
32653,ACT,0,281
32680,PRE,0
32723,PRE,0
32740,ACT,0,281
32771,PRE,0
32773,ACT,0,25
32800,PRE,0
32843,PRE,0
32860,ACT,0,25
32891,PRE,0
32893,ACT,0,153
32920,PRE,0
32963,PRE,0
32980,ACT,0,153
33011,PRE,0
33013,ACT,0,409
33040,PRE,0
33083,PRE,0
33100,ACT,0,287
33131,PRE,0
33133,ACT,0,281
33160,PRE,0
33203,PRE,0
33220,ACT,0,281
33251,PRE,0
33253,ACT,0,25
33280,PRE,0
33323,PRE,0
33340,ACT,0,25
33371,PRE,0
33373,ACT,0,24
33400,PRE,0
33443,PRE,0
33460,ACT,0,24
33491,PRE,0
33493,ACT,0,536
33520,PRE,0
33563,PRE,0
33580,ACT,0,536
33611,PRE,0
33613,ACT,0,664
33640,PRE,0
33683,PRE,0
33700,ACT,0,664
33731,PRE,0
33733,ACT,0,665
33760,PRE,0
33803,PRE,0
33820,ACT,0,152
33851,PRE,0
33853,ACT,0,136
33880,PRE,0
33923,PRE,0
33940,ACT,0,136
33971,PRE,0
33973,ACT,0,138
34000,PRE,0
34043,PRE,0
34060,ACT,0,138
34091,PRE,0
34093,ACT,0,170
34120,PRE,0
34163,PRE,0
34180,ACT,0,289
34211,PRE,0
34213,ACT,0,281
34240,PRE,0
34283,PRE,0
34300,ACT,0,281
34331,PRE,0
34333,ACT,0,25
34360,PRE,0
34403,PRE,0
34420,ACT,0,25
34451,PRE,0
34453,ACT,0,24
34480,PRE,0
34523,PRE,0
34540,ACT,0,24
34571,PRE,0
34573,ACT,0,152
34600,PRE,0
34643,PRE,0
34660,ACT,0,152
34691,PRE,0
34693,ACT,0,408
34720,PRE,0
34763,PRE,0
34780,ACT,0,313
34811,PRE,0
34813,ACT,0,281
34840,PRE,0
34883,PRE,0
34900,ACT,0,281
34931,PRE,0
34933,ACT,0,25
34960,PRE,0
35003,PRE,0
35020,ACT,0,25
35051,PRE,0
35053,ACT,0,153
35080,PRE,0
35123,PRE,0
35140,ACT,0,153
35171,PRE,0
35173,ACT,0,409
35200,PRE,0
35243,PRE,0
35260,ACT,0,539
35291,PRE,0
35293,ACT,0,537
35320,PRE,0
35363,PRE,0
35380,ACT,0,537
35411,PRE,0
35413,ACT,0,25
35440,PRE,0
35483,PRE,0
35500,ACT,0,25
35531,PRE,0
35533,ACT,0,24
35560,PRE,0
35603,PRE,0
35620,ACT,0,24
35651,PRE,0
35653,ACT,0,536
35680,PRE,0
35723,PRE,0
35740,ACT,0,536
35771,PRE,0
35773,ACT,0,664
35800,PRE,0
35843,PRE,0
35860,ACT,0,664
35891,PRE,0
35893,ACT,0,665
35920,PRE,0
35963,PRE,0
35980,ACT,0,152
36011,PRE,0
36013,ACT,0,136
36040,PRE,0
36083,PRE,0
36100,ACT,0,136
36131,PRE,0
36133,ACT,0,138
36160,PRE,0
36203,PRE,0
36220,ACT,0,138
36251,PRE,0
36253,ACT,0,178
36280,PRE,0
36323,PRE,0
36340,ACT,0,543
36371,PRE,0
36373,ACT,0,537
36400,PRE,0
36443,PRE,0
36460,ACT,0,537
36491,PRE,0
36493,ACT,0,25
36520,PRE,0
36563,PRE,0
36580,ACT,0,25
36611,PRE,0
36613,ACT,0,24
36640,PRE,0
36683,PRE,0
36700,ACT,0,24
36731,PRE,0
36733,ACT,0,152
36760,PRE,0
36803,PRE,0
36820,ACT,0,152
36851,PRE,0
36853,ACT,0,408
36880,PRE,0
36923,PRE,0
36940,ACT,0,553
36971,PRE,0
36973,ACT,0,537
37000,PRE,0
37043,PRE,0
37060,ACT,0,537
37091,PRE,0
37093,ACT,0,25
37120,PRE,0
37163,PRE,0
37180,ACT,0,25
37211,PRE,0
37213,ACT,0,153
37240,PRE,0
37283,PRE,0
37300,ACT,0,153
37331,PRE,0
37333,ACT,0,409
37360,PRE,0
37403,PRE,0
37420,ACT,0,569
37451,PRE,0
37453,ACT,0,537
37480,PRE,0
37523,PRE,0
37540,ACT,0,537
37571,PRE,0
37573,ACT,0,25
37600,PRE,0
37643,PRE,0
37660,ACT,0,25
37691,PRE,0
37693,ACT,0,24
37720,PRE,0
37763,PRE,0
37780,ACT,0,24
37811,PRE,0
37813,ACT,0,536
37840,PRE,0
37883,PRE,0
37900,ACT,0,536
37931,PRE,0
37933,ACT,0,664
37960,PRE,0
38003,PRE,0
38020,ACT,0,664
38051,PRE,0
38053,ACT,0,665
38080,PRE,0
38123,PRE,0
38140,ACT,0,152
38171,PRE,0
38173,ACT,0,136
38200,PRE,0
38243,PRE,0
38260,ACT,0,136
38291,PRE,0
38293,ACT,0,138
38320,PRE,0
38363,PRE,0
38380,ACT,0,138
38411,PRE,0
38413,ACT,0,186
38440,PRE,0
38483,PRE,0
38500,ACT,0,155
38531,PRE,0
38533,ACT,0,27
38560,PRE,0
38603,PRE,0
38620,ACT,0,27
38651,PRE,0
38653,ACT,0,25
38680,PRE,0
38723,PRE,0
38740,ACT,0,25
38771,PRE,0
38773,ACT,0,24
38800,PRE,0
38843,PRE,0
38860,ACT,0,24
38891,PRE,0
38893,ACT,0,152
38920,PRE,0
38963,PRE,0
38980,ACT,0,152
39011,PRE,0
39013,ACT,0,408
39040,PRE,0
39083,PRE,0
39100,ACT,0,43
39131,PRE,0
39133,ACT,0,27
39160,PRE,0
39203,PRE,0
39220,ACT,0,27
39251,PRE,0
39253,ACT,0,25
39280,PRE,0
39323,PRE,0
39340,ACT,0,25
39371,PRE,0
39373,ACT,0,153
39400,PRE,0
39443,PRE,0
39460,ACT,0,153
39491,PRE,0
39493,ACT,0,409
39520,PRE,0
39563,PRE,0
39580,ACT,0,59
39611,PRE,0
39613,ACT,0,27
39640,PRE,0
39683,PRE,0
39700,ACT,0,27
39731,PRE,0
39733,ACT,0,25
39760,PRE,0
39803,PRE,0
39820,ACT,0,25
39851,PRE,0
39853,ACT,0,24
39880,PRE,0
39923,PRE,0
39940,ACT,0,24
39971,PRE,0
39973,ACT,0,536
40000,PRE,0
40043,PRE,0
40060,ACT,0,536
40091,PRE,0
40093,ACT,0,664
40120,PRE,0
40163,PRE,0
40180,ACT,0,664
40211,PRE,0
40213,ACT,0,665
40240,PRE,0
40283,PRE,0
40300,ACT,0,152
40331,PRE,0
40333,ACT,0,136
40360,PRE,0
40403,PRE,0
40420,ACT,0,136
40451,PRE,0
40453,ACT,0,138
40480,PRE,0
40523,PRE,0
40540,ACT,0,138
40571,PRE,0
40573,ACT,0,458
40600,PRE,0
40643,PRE,0
40660,ACT,0,347
40691,PRE,0
40693,ACT,0,27
40720,PRE,0
40763,PRE,0
40780,ACT,0,27
40811,PRE,0
40813,ACT,0,25
40840,PRE,0
40883,PRE,0
40900,ACT,0,25
40931,PRE,0
40933,ACT,0,24
40960,PRE,0
41003,PRE,0
41020,ACT,0,24
41051,PRE,0
41053,ACT,0,152
41080,PRE,0
41123,PRE,0
41140,ACT,0,152
41171,PRE,0
41173,ACT,0,408
41200,PRE,0
41243,PRE,0
41260,ACT,0,475
41291,PRE,0
41293,ACT,0,27
41320,PRE,0
41363,PRE,0
41380,ACT,0,27
41411,PRE,0
41413,ACT,0,25
41440,PRE,0
41483,PRE,0
41500,ACT,0,25
41531,PRE,0
41533,ACT,0,153
41560,PRE,0
41603,PRE,0
41620,ACT,0,153
41651,PRE,0
41653,ACT,0,409
41680,PRE,0
41723,PRE,0
41740,ACT,0,413
41771,PRE,0
41773,ACT,0,29
41800,PRE,0
41843,PRE,0
41860,ACT,0,29
41891,PRE,0
41893,ACT,0,25
41920,PRE,0
41963,PRE,0
41980,ACT,0,25
42011,PRE,0
42013,ACT,0,24
42040,PRE,0
42083,PRE,0
42100,ACT,0,24
42131,PRE,0
42133,ACT,0,536
42160,PRE,0
42203,PRE,0
42220,ACT,0,536
42251,PRE,0
42253,ACT,0,664
42280,PRE,0
42323,PRE,0
42340,ACT,0,664
42371,PRE,0
42373,ACT,0,665
42400,PRE,0
42443,PRE,0
42460,ACT,0,152
42491,PRE,0
42493,ACT,0,136
42520,PRE,0
42563,PRE,0
42580,ACT,0,136
42611,PRE,0
42613,ACT,0,138
42640,PRE,0
42683,PRE,0
42700,ACT,0,138
42731,PRE,0
42733,ACT,0,202
42760,PRE,0
42803,PRE,0
42820,ACT,0,53
42851,PRE,0
42853,ACT,0,29
42880,PRE,0
42923,PRE,0
42940,ACT,0,29
42971,PRE,0
42973,ACT,0,25
43000,PRE,0
43043,PRE,0
43060,ACT,0,25
43091,PRE,0
43093,ACT,0,24
43120,PRE,0
43163,PRE,0
43180,ACT,0,24
43211,PRE,0
43213,ACT,0,152
43240,PRE,0
43283,PRE,0
43300,ACT,0,152
43331,PRE,0
43333,ACT,0,408
43360,PRE,0
43403,PRE,0
43420,ACT,0,61
43451,PRE,0
43453,ACT,0,29
43480,PRE,0
43523,PRE,0
43540,ACT,0,29
43571,PRE,0
43573,ACT,0,25
43600,PRE,0
43643,PRE,0
43660,ACT,0,25
43691,PRE,0
43693,ACT,0,153
43720,PRE,0
43763,PRE,0
43780,ACT,0,153
43811,PRE,0
43813,ACT,0,409
43840,PRE,0
43883,PRE,0
43900,ACT,0,349
43931,PRE,0
43933,ACT,0,29
43960,PRE,0
44003,PRE,0
44020,ACT,0,29
44051,PRE,0
44053,ACT,0,25
44080,PRE,0
44123,PRE,0
44140,ACT,0,25
44171,PRE,0
44173,ACT,0,24
44200,PRE,0
44243,PRE,0
44260,ACT,0,24
44291,PRE,0
44293,ACT,0,536
44320,PRE,0
44363,PRE,0
44380,ACT,0,536
44411,PRE,0
44413,ACT,0,664
44440,PRE,0
44483,PRE,0
44500,ACT,0,664
44531,PRE,0
44533,ACT,0,665
44560,PRE,0
44603,PRE,0
44620,ACT,0,152
44651,PRE,0
44653,ACT,0,136
44680,PRE,0
44723,PRE,0
44740,ACT,0,136
44771,PRE,0
44773,ACT,0,138
44800,PRE,0
44843,PRE,0
44860,ACT,0,138
44891,PRE,0
44893,ACT,0,330
44920,PRE,0
44963,PRE,0
44980,ACT,0,159
45011,PRE,0
45013,ACT,0,31
45040,PRE,0
45083,PRE,0
45100,ACT,0,31
45131,PRE,0
45133,ACT,0,25
45160,PRE,0
45203,PRE,0
45220,ACT,0,25
45251,PRE,0
45253,ACT,0,24
45280,PRE,0
45323,PRE,0
45340,ACT,0,24
45371,PRE,0
45373,ACT,0,152
45400,PRE,0
45443,PRE,0
45460,ACT,0,152
45491,PRE,0
45493,ACT,0,408
45520,PRE,0
45563,PRE,0
45580,ACT,0,47
45611,PRE,0
45613,ACT,0,31
45640,PRE,0
45683,PRE,0
45700,ACT,0,31
45731,PRE,0
45733,ACT,0,25
45760,PRE,0
45803,PRE,0
45820,ACT,0,25
45851,PRE,0
45853,ACT,0,153
45880,PRE,0
45923,PRE,0
45940,ACT,0,153
45971,PRE,0
45973,ACT,0,409
46000,PRE,0
46043,PRE,0
46060,ACT,0,55
46091,PRE,0
46093,ACT,0,31
46120,PRE,0
46163,PRE,0
46180,ACT,0,31
46211,PRE,0
46213,ACT,0,25
46240,PRE,0
46283,PRE,0
46300,ACT,0,25
46331,PRE,0
46333,ACT,0,24
46360,PRE,0
46403,PRE,0
46420,ACT,0,24
46451,PRE,0
46453,ACT,0,536
46480,PRE,0
46523,PRE,0
46540,ACT,0,536
46571,PRE,0
46573,ACT,0,664
46600,PRE,0
46643,PRE,0
46660,ACT,0,664
46691,PRE,0
46693,ACT,0,665
46720,PRE,0
46763,PRE,0
46780,ACT,0,152
46811,PRE,0
46813,ACT,0,136
46840,PRE,0
46883,PRE,0
46900,ACT,0,136
46931,PRE,0
46933,ACT,0,264
46960,PRE,0
47003,PRE,0
47020,ACT,0,264
47051,PRE,0
47053,ACT,0,268
47080,PRE,0
47123,PRE,0
47140,ACT,0,351
47171,PRE,0
47173,ACT,0,31
47200,PRE,0
47243,PRE,0
47260,ACT,0,31
47291,PRE,0
47293,ACT,0,25
47320,PRE,0
47363,PRE,0
47380,ACT,0,25
47411,PRE,0
47413,ACT,0,24
47440,PRE,0
47483,PRE,0
47500,ACT,0,24
47531,PRE,0
47533,ACT,0,152
47560,PRE,0
47603,PRE,0
47620,ACT,0,152
47651,PRE,0
47653,ACT,0,408
47680,PRE,0
47723,PRE,0
47740,ACT,0,479
47771,PRE,0
47773,ACT,0,31
47800,PRE,0
47843,PRE,0
47860,ACT,0,31
47891,PRE,0
47893,ACT,0,25
47920,PRE,0
47963,PRE,0
47980,ACT,0,25
48011,PRE,0
48013,ACT,0,153
48040,PRE,0
48083,PRE,0
48100,ACT,0,153
48131,PRE,0
48133,ACT,0,409
48160,PRE,0
48203,PRE,0
48220,ACT,0,225
48251,PRE,0
48253,ACT,0,33
48280,PRE,0
48323,PRE,0
48340,ACT,0,33
48371,PRE,0
48373,ACT,0,25
48400,PRE,0
48443,PRE,0
48460,ACT,0,25
48491,PRE,0
48493,ACT,0,24
48520,PRE,0
48563,PRE,0
48580,ACT,0,24
48611,PRE,0
48613,ACT,0,536
48640,PRE,0
48683,PRE,0
48700,ACT,0,536
48731,PRE,0
48733,ACT,0,664
48760,PRE,0
48803,PRE,0
48820,ACT,0,664
48851,PRE,0
48853,ACT,0,665
48880,PRE,0
48923,PRE,0
48940,ACT,0,152
48971,PRE,0
48973,ACT,0,136
49000,PRE,0
49043,PRE,0
49060,ACT,0,136
49091,PRE,0
49093,ACT,0,264
49120,PRE,0
49163,PRE,0
49180,ACT,0,264
49211,PRE,0
49213,ACT,0,270
49240,PRE,0
49283,PRE,0
49300,ACT,0,425
49331,PRE,0
49333,ACT,0,41
49360,PRE,0
49403,PRE,0
49420,ACT,0,41
49451,PRE,0
49453,ACT,0,25
49480,PRE,0
49523,PRE,0
49540,ACT,0,25
49571,PRE,0
49573,ACT,0,24
49600,PRE,0
49643,PRE,0
49660,ACT,0,24
49691,PRE,0
49693,ACT,0,152
49720,PRE,0
49763,PRE,0
49780,ACT,0,152
49811,PRE,0
49813,ACT,0,408
49840,PRE,0
49883,PRE,0
49900,ACT,0,233
49931,PRE,0
49933,ACT,0,41
49960,PRE,0
50003,PRE,0
50020,ACT,0,41
50051,PRE,0
50053,ACT,0,25
50080,PRE,0
50123,PRE,0
50140,ACT,0,25
50171,PRE,0
50173,ACT,0,153
50200,PRE,0
50243,PRE,0
50260,ACT,0,153
50291,PRE,0
50293,ACT,0,409
50320,PRE,0
50363,PRE,0
50380,ACT,0,361
50411,PRE,0
50413,ACT,0,41
50440,PRE,0
50483,PRE,0
50500,ACT,0,41
50531,PRE,0
50533,ACT,0,25
50560,PRE,0
50603,PRE,0
50620,ACT,0,25
50651,PRE,0
50653,ACT,0,24
50680,PRE,0
50723,PRE,0
50740,ACT,0,24
50771,PRE,0
50773,ACT,0,536
50800,PRE,0
50843,PRE,0
50860,ACT,0,536
50891,PRE,0
50893,ACT,0,664
50920,PRE,0
50963,PRE,0
50980,ACT,0,664
51011,PRE,0
51013,ACT,0,665
51040,PRE,0
51083,PRE,0
51100,ACT,0,152
51131,PRE,0
51133,ACT,0,136
51160,PRE,0
51203,PRE,0
51220,ACT,0,136
51251,PRE,0
51253,ACT,0,140
51280,PRE,0
51323,PRE,0
51340,ACT,0,140
51371,PRE,0
51373,ACT,0,396
51400,PRE,0
51443,PRE,0
51460,ACT,0,497
51491,PRE,0
51493,ACT,0,49
51520,PRE,0
51563,PRE,0
51580,ACT,0,49
51611,PRE,0
51613,ACT,0,25
51640,PRE,0
51683,PRE,0
51700,ACT,0,25
51731,PRE,0
51733,ACT,0,24
51760,PRE,0
51803,PRE,0
51820,ACT,0,24
51851,PRE,0
51853,ACT,0,152
51880,PRE,0
51923,PRE,0
51940,ACT,0,152
51971,PRE,0
51973,ACT,0,408
52000,PRE,0
52043,PRE,0
52060,ACT,0,441
52091,PRE,0
52093,ACT,0,57
52120,PRE,0
52163,PRE,0
52180,ACT,0,57
52211,PRE,0
52213,ACT,0,25
52240,PRE,0
52283,PRE,0
52300,ACT,0,25
52331,PRE,0
52333,ACT,0,153
52360,PRE,0
52403,PRE,0
52420,ACT,0,153
52451,PRE,0
52453,ACT,0,409
52480,PRE,0
52523,PRE,0
52540,ACT,0,377
52571,PRE,0
52573,ACT,0,57
52600,PRE,0
52643,PRE,0
52660,ACT,0,57
52691,PRE,0
52693,ACT,0,25
52720,PRE,0
52763,PRE,0
52780,ACT,0,25
52811,PRE,0
52813,ACT,0,24
52840,PRE,0
52883,PRE,0
52900,ACT,0,24
52931,PRE,0
52933,ACT,0,536
52960,PRE,0
53003,PRE,0
53020,ACT,0,536
53051,PRE,0
53053,ACT,0,664
53080,PRE,0
53123,PRE,0
53140,ACT,0,664
53171,PRE,0
53173,ACT,0,665
53200,PRE,0
53243,PRE,0
53260,ACT,0,152
53291,PRE,0
53293,ACT,0,136
53320,PRE,0
53363,PRE,0
53380,ACT,0,136
53411,PRE,0
53413,ACT,0,140
53440,PRE,0
53483,PRE,0
53500,ACT,0,140
53531,PRE,0
53533,ACT,0,148
53560,PRE,0
53603,PRE,0
53620,ACT,0,505
53651,PRE,0
53653,ACT,0,57
53680,PRE,0
53723,PRE,0
53740,ACT,0,57
53771,PRE,0
53773,ACT,0,25
53800,PRE,0
53843,PRE,0
53860,ACT,0,25
53891,PRE,0
53893,ACT,0,24
53920,PRE,0
53963,PRE,0
53980,ACT,0,24
54011,PRE,0
54013,ACT,0,152
54040,PRE,0
54083,PRE,0
54100,ACT,0,152
54131,PRE,0
54133,ACT,0,408
54160,PRE,0
54203,PRE,0
54220,ACT,0,514
54251,PRE,0
54253,ACT,0,512
54280,PRE,0
54323,PRE,0
54340,ACT,0,512
54371,PRE,0
54373,ACT,0,536
54400,PRE,0
54443,PRE,0
54460,ACT,0,536
54491,PRE,0
54493,ACT,0,24
54520,PRE,0
54563,PRE,0
54580,ACT,0,24
54611,PRE,0
54613,ACT,0,25
54640,PRE,0
54683,PRE,0
54700,ACT,0,25
54731,PRE,0
54733,ACT,0,153
54760,PRE,0
54803,PRE,0
54820,ACT,0,153
54851,PRE,0
54853,ACT,0,409
54880,PRE,0
54923,PRE,0
54940,ACT,0,518
54971,PRE,0
54973,ACT,0,512
55000,PRE,0
55043,PRE,0
55060,ACT,0,512
55091,PRE,0
55093,ACT,0,536
55120,PRE,0
55163,PRE,0
55180,ACT,0,536
55211,PRE,0
55213,ACT,0,664
55240,PRE,0
55283,PRE,0
55300,ACT,0,664
55331,PRE,0
55333,ACT,0,665
55360,PRE,0
55403,PRE,0
55420,ACT,0,152
55451,PRE,0
55453,ACT,0,136
55480,PRE,0
55523,PRE,0
55540,ACT,0,136
55571,PRE,0
55573,ACT,0,140
55600,PRE,0
55643,PRE,0
55660,ACT,0,140
55691,PRE,0
55693,ACT,0,164
55720,PRE,0
55763,PRE,0
55780,ACT,0,800
55811,PRE,0
55813,ACT,0,544
55840,PRE,0
55883,PRE,0
55900,ACT,0,544
55931,PRE,0
55933,ACT,0,536
55960,PRE,0
56003,PRE,0
56020,ACT,0,536
56051,PRE,0
56053,ACT,0,24
56080,PRE,0
56123,PRE,0
56140,ACT,0,24
56171,PRE,0
56173,ACT,0,152
56200,PRE,0
56243,PRE,0
56260,ACT,0,152
56291,PRE,0
56293,ACT,0,408
56320,PRE,0
56363,PRE,0
56380,ACT,0,548
56411,PRE,0
56413,ACT,0,544
56440,PRE,0
56483,PRE,0
56500,ACT,0,544
56531,PRE,0
56533,ACT,0,536
56560,PRE,0
56603,PRE,0
56620,ACT,0,536
56651,PRE,0
56653,ACT,0,24
56680,PRE,0
56723,PRE,0
56740,ACT,0,24
56771,PRE,0
56773,ACT,0,25
56800,PRE,0
56843,PRE,0
56860,ACT,0,25
56891,PRE,0
56893,ACT,0,153
56920,PRE,0
56963,PRE,0
56980,ACT,0,153
57011,PRE,0
57013,ACT,0,409
57040,PRE,0
57083,PRE,0
57100,ACT,0,522
57131,PRE,0
57133,ACT,0,520
57160,PRE,0
57203,PRE,0
57220,ACT,0,520
57251,PRE,0
57253,ACT,0,536
57280,PRE,0
57323,PRE,0
57340,ACT,0,536
57371,PRE,0
57373,ACT,0,664
57400,PRE,0
57443,PRE,0
57460,ACT,0,664
57491,PRE,0
57493,ACT,0,665
57520,PRE,0
57563,PRE,0
57580,ACT,0,152
57611,PRE,0
57613,ACT,0,136
57640,PRE,0
57683,PRE,0
57700,ACT,0,136
57731,PRE,0
57733,ACT,0,140
57760,PRE,0
57803,PRE,0
57820,ACT,0,140
57851,PRE,0
57853,ACT,0,172
57880,PRE,0
57923,PRE,0
57940,ACT,0,524
57971,PRE,0
57973,ACT,0,520
58000,PRE,0
58043,PRE,0
58060,ACT,0,520
58091,PRE,0
58093,ACT,0,536
58120,PRE,0
58163,PRE,0
58180,ACT,0,536
58211,PRE,0
58213,ACT,0,24
58240,PRE,0
58283,PRE,0
58300,ACT,0,24
58331,PRE,0
58333,ACT,0,152
58360,PRE,0
58403,PRE,0
58420,ACT,0,152
58451,PRE,0
58453,ACT,0,408
58480,PRE,0
58523,PRE,0
58540,ACT,0,744
58571,PRE,0
58573,ACT,0,552
58600,PRE,0
58643,PRE,0
58660,ACT,0,552
58691,PRE,0
58693,ACT,0,536
58720,PRE,0
58763,PRE,0
58780,ACT,0,536
58811,PRE,0
58813,ACT,0,24
58840,PRE,0
58883,PRE,0
58900,ACT,0,24
58931,PRE,0
58933,ACT,0,25
58960,PRE,0
59003,PRE,0
59020,ACT,0,25
59051,PRE,0
59053,ACT,0,153
59080,PRE,0
59123,PRE,0
59140,ACT,0,153
59171,PRE,0
59173,ACT,0,409
59200,PRE,0
59243,PRE,0
59260,ACT,0,556
59291,PRE,0
59293,ACT,0,552
59320,PRE,0
59363,PRE,0
59380,ACT,0,552
59411,PRE,0
59413,ACT,0,536
59440,PRE,0
59483,PRE,0
59500,ACT,0,536
59531,PRE,0
59533,ACT,0,664
59560,PRE,0
59603,PRE,0
59620,ACT,0,664
59651,PRE,0
59653,ACT,0,665
59680,PRE,0
59723,PRE,0
59740,ACT,0,152
59771,PRE,0
59773,ACT,0,136
59800,PRE,0
59843,PRE,0
59860,ACT,0,136
59891,PRE,0
59893,ACT,0,140
59920,PRE,0
59963,PRE,0
59980,ACT,0,140
60011,PRE,0
60013,ACT,0,180
60040,PRE,0
60083,PRE,0
60100,ACT,0,558
60131,PRE,0
60133,ACT,0,552
60160,PRE,0
60203,PRE,0
60220,ACT,0,552
60251,PRE,0
60253,ACT,0,536
60280,PRE,0
60323,PRE,0
60340,ACT,0,536
60371,PRE,0
60373,ACT,0,24
60400,PRE,0
60443,PRE,0
60460,ACT,0,24
60491,PRE,0
60493,ACT,0,152
60520,PRE,0
60563,PRE,0
60580,ACT,0,152
60611,PRE,0
60613,ACT,0,408
60640,PRE,0
60683,PRE,0
60700,ACT,0,570
60731,PRE,0
60733,ACT,0,568
60760,PRE,0
60803,PRE,0
60820,ACT,0,568
60851,PRE,0
60853,ACT,0,536
60880,PRE,0
60923,PRE,0
60940,ACT,0,536
60971,PRE,0
60973,ACT,0,24
61000,PRE,0
61043,PRE,0
61060,ACT,0,24
61091,PRE,0
61093,ACT,0,25
61120,PRE,0
61163,PRE,0
61180,ACT,0,25
61211,PRE,0
61213,ACT,0,153
61240,PRE,0
61283,PRE,0
61300,ACT,0,153
61331,PRE,0
61333,ACT,0,409
61360,PRE,0
61403,PRE,0
61420,ACT,0,572
61451,PRE,0
61453,ACT,0,568
61480,PRE,0
61523,PRE,0
61540,ACT,0,568
61571,PRE,0
61573,ACT,0,536
61600,PRE,0
61643,PRE,0
61660,ACT,0,536
61691,PRE,0
61693,ACT,0,664
61720,PRE,0
61763,PRE,0
61780,ACT,0,664
61811,PRE,0
61813,ACT,0,665
61840,PRE,0
61883,PRE,0
61900,ACT,0,152
61931,PRE,0
61933,ACT,0,136
61960,PRE,0
62003,PRE,0
62020,ACT,0,136
62051,PRE,0
62053,ACT,0,140
62080,PRE,0
62123,PRE,0
62140,ACT,0,140
62171,PRE,0
62173,ACT,0,188
62200,PRE,0
62243,PRE,0
62260,ACT,0,752
62291,PRE,0
62293,ACT,0,728
62320,PRE,0
62363,PRE,0
62380,ACT,0,728
62411,PRE,0
62413,ACT,0,536
62440,PRE,0
62483,PRE,0
62500,ACT,0,536
62531,PRE,0
62533,ACT,0,24
62560,PRE,0
62603,PRE,0
62620,ACT,0,24
62651,PRE,0
62653,ACT,0,152
62680,PRE,0
62723,PRE,0
62740,ACT,0,152
62771,PRE,0
62773,ACT,0,408
62800,PRE,0
62843,PRE,0
62860,ACT,0,730
62891,PRE,0
62893,ACT,0,728
62920,PRE,0
62963,PRE,0
62980,ACT,0,728
63011,PRE,0
63013,ACT,0,536
63040,PRE,0
63083,PRE,0
63100,ACT,0,536
63131,PRE,0
63133,ACT,0,24
63160,PRE,0
63203,PRE,0
63220,ACT,0,24
63251,PRE,0
63253,ACT,0,25
63280,PRE,0
63323,PRE,0
63340,ACT,0,25
63371,PRE,0
63373,ACT,0,153
63400,PRE,0
63443,PRE,0
63460,ACT,0,153
63491,PRE,0
63493,ACT,0,409
63520,PRE,0
63563,PRE,0
63580,ACT,0,784
63611,PRE,0
63613,ACT,0,528
63640,PRE,0
63683,PRE,0
63700,ACT,0,528
63731,PRE,0
63733,ACT,0,536
63760,PRE,0
63803,PRE,0
63820,ACT,0,536
63851,PRE,0
63853,ACT,0,664
63880,PRE,0
63923,PRE,0
63940,ACT,0,664
63971,PRE,0
63973,ACT,0,665
64000,PRE,0
64043,PRE,0
64060,ACT,0,152
64091,PRE,0
64093,ACT,0,136
64120,PRE,0
64163,PRE,0
64180,ACT,0,136
64211,PRE,0
64213,ACT,0,140
64240,PRE,0
64283,PRE,0
64300,ACT,0,140
64331,PRE,0
64333,ACT,0,332
64360,PRE,0
64403,PRE,0
64420,ACT,0,532
64451,PRE,0
64453,ACT,0,528
64480,PRE,0
64523,PRE,0
64540,ACT,0,528
64571,PRE,0
64573,ACT,0,536
64600,PRE,0
64643,PRE,0
64660,ACT,0,536
64691,PRE,0
64693,ACT,0,24
64720,PRE,0
64763,PRE,0
64780,ACT,0,24
64811,PRE,0
64813,ACT,0,152
64840,PRE,0
64883,PRE,0
64900,ACT,0,152
64931,PRE,0
64933,ACT,0,408
64960,PRE,0
65003,PRE,0
65020,ACT,0,534
65051,PRE,0
65053,ACT,0,528
65080,PRE,0
65123,PRE,0
65140,ACT,0,528
65171,PRE,0
65173,ACT,0,536
65200,PRE,0
65243,PRE,0
65260,ACT,0,536
65291,PRE,0
65293,ACT,0,24
65320,PRE,0
65363,PRE,0
65380,ACT,0,24
65411,PRE,0
65413,ACT,0,25
65440,PRE,0
65483,PRE,0
65500,ACT,0,25
65531,PRE,0
65533,ACT,0,153
65560,PRE,0
65603,PRE,0
65620,ACT,0,153
65651,PRE,0
65653,ACT,0,409
65680,PRE,0
65723,PRE,0
65740,ACT,0,562
65771,PRE,0
65773,ACT,0,560
65800,PRE,0
65843,PRE,0
65860,ACT,0,560
65891,PRE,0
65893,ACT,0,536
65920,PRE,0
65963,PRE,0
65980,ACT,0,536
66011,PRE,0
66013,ACT,0,664
66040,PRE,0
66083,PRE,0
66100,ACT,0,664
66131,PRE,0
66133,ACT,0,665
66160,PRE,0
66203,PRE,0
66220,ACT,0,152
66251,PRE,0
66253,ACT,0,136
66280,PRE,0
66323,PRE,0
66340,ACT,0,136
66371,PRE,0
66373,ACT,0,140
66400,PRE,0
66443,PRE,0
66460,ACT,0,140
66491,PRE,0
66493,ACT,0,460
66520,PRE,0
66563,PRE,0
66580,ACT,0,566
66611,PRE,0
66613,ACT,0,560
66640,PRE,0
66683,PRE,0
66700,ACT,0,560
66731,PRE,0
66733,ACT,0,536
66760,PRE,0
66803,PRE,0
66820,ACT,0,536
66851,PRE,0
66853,ACT,0,24
66880,PRE,0
66923,PRE,0
66940,ACT,0,24
66971,PRE,0
66973,ACT,0,152
67000,PRE,0
67043,PRE,0
67060,ACT,0,152
67091,PRE,0
67093,ACT,0,408
67120,PRE,0
67163,PRE,0
67180,ACT,0,796
67211,PRE,0
67213,ACT,0,792
67240,PRE,0
67283,PRE,0
67300,ACT,0,792
67331,PRE,0
67333,ACT,0,536
67360,PRE,0
67403,PRE,0
67420,ACT,0,536
67451,PRE,0
67453,ACT,0,24
67480,PRE,0
67523,PRE,0
67540,ACT,0,24
67571,PRE,0
67573,ACT,0,25
67600,PRE,0
67643,PRE,0
67660,ACT,0,25
67691,PRE,0
67693,ACT,0,153
67720,PRE,0
67763,PRE,0
67780,ACT,0,153
67811,PRE,0
67813,ACT,0,409
67840,PRE,0
67883,PRE,0
67900,ACT,0,666
67931,PRE,0
67933,ACT,0,538
67960,PRE,0
68003,PRE,0
68020,ACT,0,538
68051,PRE,0
68053,ACT,0,536
68080,PRE,0
68123,PRE,0
68140,ACT,0,536
68171,PRE,0
68173,ACT,0,664
68200,PRE,0
68243,PRE,0
68260,ACT,0,664
68291,PRE,0
68293,ACT,0,665
68320,PRE,0
68363,PRE,0
68380,ACT,0,152
68411,PRE,0
68413,ACT,0,136
68440,PRE,0
68483,PRE,0
68500,ACT,0,136
68531,PRE,0
68533,ACT,0,140
68560,PRE,0
68603,PRE,0
68620,ACT,0,140
68651,PRE,0
68653,ACT,0,204
68680,PRE,0
68723,PRE,0
68740,ACT,0,670
68771,PRE,0
68773,ACT,0,542
68800,PRE,0
68843,PRE,0
68860,ACT,0,542
68891,PRE,0
68893,ACT,0,536
68920,PRE,0
68963,PRE,0
68980,ACT,0,536
69011,PRE,0
69013,ACT,0,24
69040,PRE,0
69083,PRE,0
69100,ACT,0,24
69131,PRE,0
69133,ACT,0,152
69160,PRE,0
69203,PRE,0
69220,ACT,0,152
69251,PRE,0
69253,ACT,0,408
69280,PRE,0
69323,PRE,0
69340,ACT,0,68
69371,PRE,0
69373,ACT,0,64
69400,PRE,0
69443,PRE,0
69460,ACT,0,64
69491,PRE,0
69493,ACT,0,88
69520,PRE,0
69563,PRE,0
69580,ACT,0,88
69611,PRE,0
69613,ACT,0,89
69640,PRE,0
69683,PRE,0
69700,ACT,0,89
69731,PRE,0
69733,ACT,0,153
69760,PRE,0
69803,PRE,0
69820,ACT,0,153
69851,PRE,0
69853,ACT,0,409
69880,PRE,0
69923,PRE,0
69940,ACT,0,76
69971,PRE,0
69973,ACT,0,72
70000,PRE,0
70043,PRE,0
70060,ACT,0,72
70091,PRE,0
70093,ACT,0,88
70120,PRE,0
70163,PRE,0
70180,ACT,0,88
70211,PRE,0
70213,ACT,0,600
70240,PRE,0
70283,PRE,0
70300,ACT,0,600
70331,PRE,0
70333,ACT,0,664
70360,PRE,0
70403,PRE,0
70420,ACT,0,664
70451,PRE,0
70453,ACT,0,665
70480,PRE,0
70523,PRE,0
70540,ACT,0,152
70571,PRE,0
70573,ACT,0,136
70600,PRE,0
70643,PRE,0
70660,ACT,0,136
70691,PRE,0
70693,ACT,0,392
70720,PRE,0
70763,PRE,0
70780,ACT,0,392
70811,PRE,0
70813,ACT,0,398
70840,PRE,0
70883,PRE,0
70900,ACT,0,78
70931,PRE,0
70933,ACT,0,72
70960,PRE,0
71003,PRE,0
71020,ACT,0,72
71051,PRE,0
71053,ACT,0,88
71080,PRE,0
71123,PRE,0
71140,ACT,0,88
71171,PRE,0
71173,ACT,0,152
71200,PRE,0
71243,PRE,0
71260,ACT,0,152
71291,PRE,0
71293,ACT,0,408
71320,PRE,0
71363,PRE,0
71380,ACT,0,84
71411,PRE,0
71413,ACT,0,80
71440,PRE,0
71483,PRE,0
71500,ACT,0,80
71531,PRE,0
71533,ACT,0,88
71560,PRE,0
71603,PRE,0
71620,ACT,0,88
71651,PRE,0
71653,ACT,0,89
71680,PRE,0
71723,PRE,0
71740,ACT,0,89
71771,PRE,0
71773,ACT,0,153
71800,PRE,0
71843,PRE,0
71860,ACT,0,153
71891,PRE,0
71893,ACT,0,409
71920,PRE,0
71963,PRE,0
71980,ACT,0,98
72011,PRE,0
72013,ACT,0,90
72040,PRE,0
72083,PRE,0
72100,ACT,0,90
72131,PRE,0
72133,ACT,0,88
72160,PRE,0
72203,PRE,0
72220,ACT,0,88
72251,PRE,0
72253,ACT,0,600
72280,PRE,0
72323,PRE,0
72340,ACT,0,600
72371,PRE,0
72373,ACT,0,664
72400,PRE,0
72443,PRE,0
72460,ACT,0,664
72491,PRE,0
72493,ACT,0,665
72520,PRE,0
72563,PRE,0
72580,ACT,0,152
72611,PRE,0
72613,ACT,0,136
72640,PRE,0
72683,PRE,0
72700,ACT,0,136
72731,PRE,0
72733,ACT,0,142
72760,PRE,0
72803,PRE,0
72820,ACT,0,142
72851,PRE,0
72853,ACT,0,150
72880,PRE,0
72923,PRE,0
72940,ACT,0,122
72971,PRE,0
72973,ACT,0,90
73000,PRE,0
73043,PRE,0
73060,ACT,0,90
73091,PRE,0
73093,ACT,0,88
73120,PRE,0
73163,PRE,0
73180,ACT,0,88
73211,PRE,0
73213,ACT,0,152
73240,PRE,0
73283,PRE,0
73300,ACT,0,152
73331,PRE,0
73333,ACT,0,408
73360,PRE,0
73403,PRE,0
73420,ACT,0,100
73451,PRE,0
73453,ACT,0,92
73480,PRE,0
73523,PRE,0
73540,ACT,0,92
73571,PRE,0
73573,ACT,0,88
73600,PRE,0
73643,PRE,0
73660,ACT,0,88
73691,PRE,0
73693,ACT,0,89
73720,PRE,0
73763,PRE,0
73780,ACT,0,89
73811,PRE,0
73813,ACT,0,153
73840,PRE,0
73883,PRE,0
73900,ACT,0,153
73931,PRE,0
73933,ACT,0,409
73960,PRE,0
74003,PRE,0
74020,ACT,0,124
74051,PRE,0
74053,ACT,0,92
74080,PRE,0
74123,PRE,0
74140,ACT,0,92
74171,PRE,0
74173,ACT,0,88
74200,PRE,0
74243,PRE,0
74260,ACT,0,88
74291,PRE,0
74293,ACT,0,600
74320,PRE,0
74363,PRE,0
74380,ACT,0,600
74411,PRE,0
74413,ACT,0,664
74440,PRE,0
74483,PRE,0
74500,ACT,0,664
74531,PRE,0
74533,ACT,0,665
74560,PRE,0
74603,PRE,0
74620,ACT,0,152
74651,PRE,0
74653,ACT,0,136
74680,PRE,0
74723,PRE,0
74740,ACT,0,136
74771,PRE,0
74773,ACT,0,142
74800,PRE,0
74843,PRE,0
74860,ACT,0,142
74891,PRE,0
74893,ACT,0,166
74920,PRE,0
74963,PRE,0
74980,ACT,0,110
75011,PRE,0
75013,ACT,0,94
75040,PRE,0
75083,PRE,0
75100,ACT,0,94
75131,PRE,0
75133,ACT,0,88
75160,PRE,0
75203,PRE,0
75220,ACT,0,88
75251,PRE,0
75253,ACT,0,152
75280,PRE,0
75323,PRE,0
75340,ACT,0,152
75371,PRE,0
75373,ACT,0,408
75400,PRE,0
75443,PRE,0
75460,ACT,0,126
75491,PRE,0
75493,ACT,0,94
75520,PRE,0
75563,PRE,0
75580,ACT,0,94
75611,PRE,0
75613,ACT,0,88
75640,PRE,0
75683,PRE,0
75700,ACT,0,88
75731,PRE,0
75733,ACT,0,89
75760,PRE,0
75803,PRE,0
75820,ACT,0,89
75851,PRE,0
75853,ACT,0,153
75880,PRE,0
75923,PRE,0
75940,ACT,0,153
75971,PRE,0
75973,ACT,0,409
76000,PRE,0
76043,PRE,0
76060,ACT,0,67
76091,PRE,0
76093,ACT,0,65
76120,PRE,0
76163,PRE,0
76180,ACT,0,65
76211,PRE,0
76213,ACT,0,89
76240,PRE,0
76283,PRE,0
76300,ACT,0,89
76331,PRE,0
76333,ACT,0,88
76360,PRE,0
76403,PRE,0
76420,ACT,0,88
76451,PRE,0
76453,ACT,0,600
76480,PRE,0
76523,PRE,0
76540,ACT,0,600
76571,PRE,0
76573,ACT,0,664
76600,PRE,0
76643,PRE,0
76660,ACT,0,664
76691,PRE,0
76693,ACT,0,665
76720,PRE,0
76763,PRE,0
76780,ACT,0,152
76811,PRE,0
76813,ACT,0,136
76840,PRE,0
76883,PRE,0
76900,ACT,0,136
76931,PRE,0
76933,ACT,0,142
76960,PRE,0
77003,PRE,0
77020,ACT,0,142
77051,PRE,0
77053,ACT,0,174
77080,PRE,0
77123,PRE,0
77140,ACT,0,577
77171,PRE,0
77173,ACT,0,65
77200,PRE,0
77243,PRE,0
77260,ACT,0,65
77291,PRE,0
77293,ACT,0,89
77320,PRE,0
77363,PRE,0
77380,ACT,0,89
77411,PRE,0
77413,ACT,0,88
77440,PRE,0
77483,PRE,0
77500,ACT,0,88
77531,PRE,0
77533,ACT,0,152
77560,PRE,0
77603,PRE,0
77620,ACT,0,152
77651,PRE,0
77653,ACT,0,408
77680,PRE,0
77723,PRE,0
77740,ACT,0,585
77771,PRE,0
77773,ACT,0,73
77800,PRE,0
77843,PRE,0
77860,ACT,0,73
77891,PRE,0
77893,ACT,0,89
77920,PRE,0
77963,PRE,0
77980,ACT,0,89
78011,PRE,0
78013,ACT,0,153
78040,PRE,0
78083,PRE,0
78100,ACT,0,153
78131,PRE,0
78133,ACT,0,409
78160,PRE,0
78203,PRE,0
78220,ACT,0,77
78251,PRE,0
78253,ACT,0,73
78280,PRE,0
78323,PRE,0
78340,ACT,0,73
78371,PRE,0
78373,ACT,0,89
78400,PRE,0
78443,PRE,0
78460,ACT,0,89
78491,PRE,0
78493,ACT,0,88
78520,PRE,0
78563,PRE,0
78580,ACT,0,88
78611,PRE,0
78613,ACT,0,600
78640,PRE,0
78683,PRE,0
78700,ACT,0,600
78731,PRE,0
78733,ACT,0,664
78760,PRE,0
78803,PRE,0
78820,ACT,0,664
78851,PRE,0
78853,ACT,0,665
78880,PRE,0
78923,PRE,0
78940,ACT,0,152
78971,PRE,0
78973,ACT,0,136
79000,PRE,0
79043,PRE,0
79060,ACT,0,136
79091,PRE,0
79093,ACT,0,142
79120,PRE,0
79163,PRE,0
79180,ACT,0,142
79211,PRE,0
79213,ACT,0,182
79240,PRE,0
79283,PRE,0
79300,ACT,0,593
79331,PRE,0
79333,ACT,0,81
79360,PRE,0
79403,PRE,0
79420,ACT,0,81
79451,PRE,0
79453,ACT,0,89
79480,PRE,0
79523,PRE,0
79540,ACT,0,89
79571,PRE,0
79573,ACT,0,88
79600,PRE,0
79643,PRE,0
79660,ACT,0,88
79691,PRE,0
79693,ACT,0,152
79720,PRE,0
79763,PRE,0
79780,ACT,0,152
79811,PRE,0
79813,ACT,0,408
79840,PRE,0
79883,PRE,0
79900,ACT,0,87
79931,PRE,0
79933,ACT,0,81
79960,PRE,0
80003,PRE,0
80020,ACT,0,81
80051,PRE,0
80053,ACT,0,89
80080,PRE,0
80123,PRE,0
80140,ACT,0,89
80171,PRE,0
80173,ACT,0,153
80200,PRE,0
80243,PRE,0
80260,ACT,0,153
80291,PRE,0
80293,ACT,0,409
80320,PRE,0
80363,PRE,0
80380,ACT,0,617
80411,PRE,0
80413,ACT,0,601
80440,PRE,0
80483,PRE,0
80500,ACT,0,601
80531,PRE,0
80533,ACT,0,89
80560,PRE,0
80603,PRE,0
80620,ACT,0,89
80651,PRE,0
80653,ACT,0,88
80680,PRE,0
80723,PRE,0
80740,ACT,0,88
80771,PRE,0
80773,ACT,0,600
80800,PRE,0
80843,PRE,0
80860,ACT,0,600
80891,PRE,0
80893,ACT,0,664
80920,PRE,0
80963,PRE,0
80980,ACT,0,664
81011,PRE,0
81013,ACT,0,665
81040,PRE,0
81083,PRE,0
81100,ACT,0,152
81131,PRE,0
81133,ACT,0,136
81160,PRE,0
81203,PRE,0
81220,ACT,0,136
81251,PRE,0
81253,ACT,0,142
81280,PRE,0
81323,PRE,0
81340,ACT,0,142
81371,PRE,0
81373,ACT,0,190
81400,PRE,0
81443,PRE,0
81460,ACT,0,625
81491,PRE,0
81493,ACT,0,601
81520,PRE,0
81563,PRE,0
81580,ACT,0,601
81611,PRE,0
81613,ACT,0,89
81640,PRE,0
81683,PRE,0
81700,ACT,0,89
81731,PRE,0
81733,ACT,0,88
81760,PRE,0
81803,PRE,0
81820,ACT,0,88
81851,PRE,0
81853,ACT,0,152
81880,PRE,0
81923,PRE,0
81940,ACT,0,152
81971,PRE,0
81973,ACT,0,408
82000,PRE,0
82043,PRE,0
82060,ACT,0,603
82091,PRE,0
82093,ACT,0,601
82120,PRE,0
82163,PRE,0
82180,ACT,0,601
82211,PRE,0
82213,ACT,0,89
82240,PRE,0
82283,PRE,0
82300,ACT,0,89
82331,PRE,0
82333,ACT,0,153
82360,PRE,0
82403,PRE,0
82420,ACT,0,153
82451,PRE,0
82453,ACT,0,409
82480,PRE,0
82523,PRE,0
82540,ACT,0,607
82571,PRE,0
82573,ACT,0,601
82600,PRE,0
82643,PRE,0
82660,ACT,0,601
82691,PRE,0
82693,ACT,0,89
82720,PRE,0
82763,PRE,0
82780,ACT,0,89
82811,PRE,0
82813,ACT,0,88
82840,PRE,0
82883,PRE,0
82900,ACT,0,88
82931,PRE,0
82933,ACT,0,600
82960,PRE,0
83003,PRE,0
83020,ACT,0,600
83051,PRE,0
83053,ACT,0,664
83080,PRE,0
83123,PRE,0
83140,ACT,0,664
83171,PRE,0
83173,ACT,0,665
83200,PRE,0
83243,PRE,0
83260,ACT,0,152
83291,PRE,0
83293,ACT,0,136
83320,PRE,0
83363,PRE,0
83380,ACT,0,136
83411,PRE,0
83413,ACT,0,142
83440,PRE,0
83483,PRE,0
83500,ACT,0,142
83531,PRE,0
83533,ACT,0,206
83560,PRE,0
83603,PRE,0
83620,ACT,0,107
83651,PRE,0
83653,ACT,0,91
83680,PRE,0
83723,PRE,0
83740,ACT,0,91
83771,PRE,0
83773,ACT,0,89
83800,PRE,0
83843,PRE,0
83860,ACT,0,89
83891,PRE,0
83893,ACT,0,88
83920,PRE,0
83963,PRE,0
83980,ACT,0,88
84011,PRE,0
84013,ACT,0,152
84040,PRE,0
84083,PRE,0
84100,ACT,0,152
84131,PRE,0
84133,ACT,0,408
84160,PRE,0
84203,PRE,0
84220,ACT,0,123
84251,PRE,0
84253,ACT,0,91
84280,PRE,0
84323,PRE,0
84340,ACT,0,91
84371,PRE,0
84373,ACT,0,89
84400,PRE,0
84443,PRE,0
84460,ACT,0,89
84491,PRE,0
84493,ACT,0,153
84520,PRE,0
84563,PRE,0
84580,ACT,0,153
84611,PRE,0
84613,ACT,0,409
84640,PRE,0
84683,PRE,0
84700,ACT,0,109
84731,PRE,0
84733,ACT,0,93
84760,PRE,0
84803,PRE,0
84820,ACT,0,93
84851,PRE,0
84853,ACT,0,89
84880,PRE,0
84923,PRE,0
84940,ACT,0,89
84971,PRE,0
84973,ACT,0,88
85000,PRE,0
85043,PRE,0
85060,ACT,0,88
85091,PRE,0
85093,ACT,0,600
85120,PRE,0
85163,PRE,0
85180,ACT,0,600
85211,PRE,0
85213,ACT,0,664
85240,PRE,0
85283,PRE,0
85300,ACT,0,664
85331,PRE,0
85333,ACT,0,665
85360,PRE,0
85403,PRE,0
85420,ACT,0,152
85451,PRE,0
85453,ACT,0,136
85480,PRE,0
85523,PRE,0
85540,ACT,0,136
85571,PRE,0
85573,ACT,0,142
85600,PRE,0
85643,PRE,0
85660,ACT,0,142
85691,PRE,0
85693,ACT,0,334
85720,PRE,0
85763,PRE,0
85780,ACT,0,103
85811,PRE,0
85813,ACT,0,95
85840,PRE,0
85883,PRE,0
85900,ACT,0,95
85931,PRE,0
85933,ACT,0,89
85960,PRE,0
86003,PRE,0
86020,ACT,0,89
86051,PRE,0
86053,ACT,0,88
86080,PRE,0
86123,PRE,0
86140,ACT,0,88
86171,PRE,0
86173,ACT,0,152
86200,PRE,0
86243,PRE,0
86260,ACT,0,152
86291,PRE,0
86293,ACT,0,408
86320,PRE,0
86363,PRE,0
86380,ACT,0,111
86411,PRE,0
86413,ACT,0,95
86440,PRE,0
86483,PRE,0
86500,ACT,0,95
86531,PRE,0
86533,ACT,0,89
86560,PRE,0
86603,PRE,0
86620,ACT,0,89
86651,PRE,0
86653,ACT,0,153
86680,PRE,0
86723,PRE,0
86740,ACT,0,153
86771,PRE,0
86773,ACT,0,409
86800,PRE,0
86843,PRE,0
86860,ACT,0,578
86891,PRE,0
86893,ACT,0,576
86920,PRE,0
86963,PRE,0
86980,ACT,0,576
87011,PRE,0
87013,ACT,0,600
87040,PRE,0
87083,PRE,0
87100,ACT,0,600
87131,PRE,0
87133,ACT,0,664
87160,PRE,0
87203,PRE,0
87220,ACT,0,664
87251,PRE,0
87253,ACT,0,665
87280,PRE,0
87323,PRE,0
87340,ACT,0,152
87371,PRE,0
87373,ACT,0,136
87400,PRE,0
87443,PRE,0
87460,ACT,0,136
87491,PRE,0
87493,ACT,0,142
87520,PRE,0
87563,PRE,0
87580,ACT,0,142
87611,PRE,0
87613,ACT,0,462
87640,PRE,0
87683,PRE,0
87700,ACT,0,580
87731,PRE,0
87733,ACT,0,576
87760,PRE,0
87803,PRE,0
87820,ACT,0,576
87851,PRE,0
87853,ACT,0,600
87880,PRE,0
87923,PRE,0
87940,ACT,0,600
87971,PRE,0
87973,ACT,0,88
88000,PRE,0
88043,PRE,0
88060,ACT,0,88
88091,PRE,0
88093,ACT,0,152
88120,PRE,0
88163,PRE,0
88180,ACT,0,152
88211,PRE,0
88213,ACT,0,408
88240,PRE,0
88283,PRE,0
88300,ACT,0,610
88331,PRE,0
88333,ACT,0,608
88360,PRE,0
88403,PRE,0
88420,ACT,0,608
88451,PRE,0
88453,ACT,0,600
88480,PRE,0
88523,PRE,0
88540,ACT,0,600
88571,PRE,0
88573,ACT,0,88
88600,PRE,0
88643,PRE,0
88660,ACT,0,88
88691,PRE,0
88693,ACT,0,89
88720,PRE,0
88763,PRE,0
88780,ACT,0,89
88811,PRE,0
88813,ACT,0,153
88840,PRE,0
88883,PRE,0
88900,ACT,0,153
88931,PRE,0
88933,ACT,0,409
88960,PRE,0
89003,PRE,0
89020,ACT,0,586
89051,PRE,0
89053,ACT,0,584
89080,PRE,0
89123,PRE,0
89140,ACT,0,584
89171,PRE,0
89173,ACT,0,600
89200,PRE,0
89243,PRE,0
89260,ACT,0,600
89291,PRE,0
89293,ACT,0,664
89320,PRE,0
89363,PRE,0
89380,ACT,0,664
89411,PRE,0
89413,ACT,0,665
89440,PRE,0
89483,PRE,0
89500,ACT,0,152
89531,PRE,0
89533,ACT,0,136
89560,PRE,0
89603,PRE,0
89620,ACT,0,136
89651,PRE,0
89653,ACT,0,137
89680,PRE,0
89723,PRE,0
89740,ACT,0,137
89771,PRE,0
89773,ACT,0,161
89800,PRE,0
89843,PRE,0
89860,ACT,0,161
89891,PRE,0
89893,ACT,0,673
89920,PRE,0
89963,PRE,0
89980,ACT,0,588
90011,PRE,0
90013,ACT,0,584
90040,PRE,0
90083,PRE,0
90100,ACT,0,584
90131,PRE,0
90133,ACT,0,600
90160,PRE,0
90203,PRE,0
90220,ACT,0,600
90251,PRE,0
90253,ACT,0,88
90280,PRE,0
90323,PRE,0
90340,ACT,0,88
90371,PRE,0
90373,ACT,0,152
90400,PRE,0
90443,PRE,0
90460,ACT,0,152
90491,PRE,0
90493,ACT,0,408
90520,PRE,0
90563,PRE,0
90580,ACT,0,620
90611,PRE,0
90613,ACT,0,616
90640,PRE,0
90683,PRE,0
90700,ACT,0,616
90731,PRE,0
90733,ACT,0,600
90760,PRE,0
90803,PRE,0
90820,ACT,0,600
90851,PRE,0
90853,ACT,0,88
90880,PRE,0
90923,PRE,0
90940,ACT,0,88
90971,PRE,0
90973,ACT,0,89
91000,PRE,0
91043,PRE,0
91060,ACT,0,89
91091,PRE,0
91093,ACT,0,153
91120,PRE,0
91163,PRE,0
91180,ACT,0,153
91211,PRE,0
91213,ACT,0,409
91240,PRE,0
91283,PRE,0
91300,ACT,0,634
91331,PRE,0
91333,ACT,0,632
91360,PRE,0
91403,PRE,0
91420,ACT,0,632
91451,PRE,0
91453,ACT,0,600
91480,PRE,0
91523,PRE,0
91540,ACT,0,600
91571,PRE,0
91573,ACT,0,664
91600,PRE,0
91643,PRE,0
91660,ACT,0,664
91691,PRE,0
91693,ACT,0,665
91720,PRE,0
91763,PRE,0
91780,ACT,0,152
91811,PRE,0
91813,ACT,0,136
91840,PRE,0
91883,PRE,0
91900,ACT,0,136
91931,PRE,0
91933,ACT,0,137
91960,PRE,0
92003,PRE,0
92020,ACT,0,137
92051,PRE,0
92053,ACT,0,161
92080,PRE,0
92123,PRE,0
92140,ACT,0,161
92171,PRE,0
92173,ACT,0,163
92200,PRE,0
92243,PRE,0
92260,ACT,0,636
92291,PRE,0
92293,ACT,0,632
92320,PRE,0
92363,PRE,0
92380,ACT,0,632
92411,PRE,0
92413,ACT,0,600
92440,PRE,0
92483,PRE,0
92500,ACT,0,600
92531,PRE,0
92533,ACT,0,88
92560,PRE,0
92603,PRE,0
92620,ACT,0,88
92651,PRE,0
92653,ACT,0,152
92680,PRE,0
92723,PRE,0
92740,ACT,0,152
92771,PRE,0
92773,ACT,0,408
92800,PRE,0
92843,PRE,0
92860,ACT,0,638
92891,PRE,0
92893,ACT,0,632
92920,PRE,0
92963,PRE,0
92980,ACT,0,632
93011,PRE,0
93013,ACT,0,600
93040,PRE,0
93083,PRE,0
93100,ACT,0,600
93131,PRE,0
93133,ACT,0,88
93160,PRE,0
93203,PRE,0
93220,ACT,0,88
93251,PRE,0
93253,ACT,0,89
93280,PRE,0
93323,PRE,0
93340,ACT,0,89
93371,PRE,0
93373,ACT,0,153
93400,PRE,0
93443,PRE,0
93460,ACT,0,153
93491,PRE,0
93493,ACT,0,409
93520,PRE,0
93563,PRE,0
93580,ACT,0,594
93611,PRE,0
93613,ACT,0,592
93640,PRE,0
93683,PRE,0
93700,ACT,0,592
93731,PRE,0
93733,ACT,0,600
93760,PRE,0
93803,PRE,0
93820,ACT,0,600
93851,PRE,0
93853,ACT,0,664
93880,PRE,0
93923,PRE,0
93940,ACT,0,664
93971,PRE,0
93973,ACT,0,665
94000,PRE,0
94043,PRE,0
94060,ACT,0,152
94091,PRE,0
94093,ACT,0,88
94120,PRE,0
94163,PRE,0
94180,ACT,0,88
94211,PRE,0
94213,ACT,0,600
94240,PRE,0
94283,PRE,0
94300,ACT,0,600
94331,PRE,0
94333,ACT,0,632
94360,PRE,0
94403,PRE,0
94420,ACT,0,632
94451,PRE,0
94453,ACT,0,636
94480,PRE,0
94523,PRE,0
94540,ACT,0,596
94571,PRE,0
94573,ACT,0,592
94600,PRE,0
94643,PRE,0
94660,ACT,0,592
94691,PRE,0
94693,ACT,0,600
94720,PRE,0
94763,PRE,0
94780,ACT,0,600
94811,PRE,0
94813,ACT,0,88
94840,PRE,0
94883,PRE,0
94900,ACT,0,88
94931,PRE,0
94933,ACT,0,152
94960,PRE,0
95003,PRE,0
95020,ACT,0,152
95051,PRE,0
95053,ACT,0,408
95080,PRE,0
95123,PRE,0
95140,ACT,0,598
95171,PRE,0
95173,ACT,0,592
95200,PRE,0
95243,PRE,0
95260,ACT,0,592
95291,PRE,0
95293,ACT,0,600
95320,PRE,0
95363,PRE,0
95380,ACT,0,600
95411,PRE,0
95413,ACT,0,88
95440,PRE,0
95483,PRE,0
95500,ACT,0,88
95531,PRE,0
95533,ACT,0,89
95560,PRE,0
95603,PRE,0
95620,ACT,0,89
95651,PRE,0
95653,ACT,0,153
95680,PRE,0
95723,PRE,0
95740,ACT,0,153
95771,PRE,0
95773,ACT,0,409
95800,PRE,0
95843,PRE,0
95860,ACT,0,626
95891,PRE,0
95893,ACT,0,624
95920,PRE,0
95963,PRE,0
95980,ACT,0,624
96011,PRE,0
96013,ACT,0,600
96040,PRE,0
96083,PRE,0
96100,ACT,0,600
96131,PRE,0
96133,ACT,0,664
96160,PRE,0
96203,PRE,0
96220,ACT,0,664
96251,PRE,0
96253,ACT,0,665
96280,PRE,0
96323,PRE,0
96340,ACT,0,152
96371,PRE,0
96373,ACT,0,88
96400,PRE,0
96443,PRE,0
96460,ACT,0,88
96491,PRE,0
96493,ACT,0,600
96520,PRE,0
96563,PRE,0
96580,ACT,0,600
96611,PRE,0
96613,ACT,0,632
96640,PRE,0
96683,PRE,0
96700,ACT,0,632
96731,PRE,0
96733,ACT,0,638
96760,PRE,0
96803,PRE,0
96820,ACT,0,628
96851,PRE,0
96853,ACT,0,624
96880,PRE,0
96923,PRE,0
96940,ACT,0,624
96971,PRE,0
96973,ACT,0,600
97000,PRE,0
97043,PRE,0
97060,ACT,0,600
97091,PRE,0
97093,ACT,0,88
97120,PRE,0
97163,PRE,0
97180,ACT,0,88
97211,PRE,0
97213,ACT,0,152
97240,PRE,0
97283,PRE,0
97300,ACT,0,152
97331,PRE,0
97333,ACT,0,408
97360,PRE,0
97403,PRE,0
97420,ACT,0,630
97451,PRE,0
97453,ACT,0,624
97480,PRE,0
97523,PRE,0
97540,ACT,0,624
97571,PRE,0
97573,ACT,0,600
97600,PRE,0
97643,PRE,0
97660,ACT,0,600
97691,PRE,0
97693,ACT,0,88
97720,PRE,0
97763,PRE,0
97780,ACT,0,88
97811,PRE,0
97813,ACT,0,89
97840,PRE,0
97883,PRE,0
97900,ACT,0,89
97931,PRE,0
97933,ACT,0,153
97960,PRE,0
98003,PRE,0
98020,ACT,0,153
98051,PRE,0
98053,ACT,0,409
98080,PRE,0
98123,PRE,0
98140,ACT,0,130
98171,PRE,0
98173,ACT,0,128
98200,PRE,0
98243,PRE,0
98260,ACT,0,128
98291,PRE,0
98293,ACT,0,136
98320,PRE,0
98363,PRE,0
98380,ACT,0,136
98411,PRE,0
98413,ACT,0,648
98440,PRE,0
98483,PRE,0
98500,ACT,0,648
98531,PRE,0
98533,ACT,0,664
98560,PRE,0
98603,PRE,0
98620,ACT,0,664
98651,PRE,0
98653,ACT,0,665
98680,PRE,0
98723,PRE,0
98740,ACT,0,152
98771,PRE,0
98773,ACT,0,88
98800,PRE,0
98843,PRE,0
98860,ACT,0,88
98891,PRE,0
98893,ACT,0,600
98920,PRE,0
98963,PRE,0
98980,ACT,0,600
99011,PRE,0
99013,ACT,0,592
99040,PRE,0
99083,PRE,0
99100,ACT,0,592
99131,PRE,0
99133,ACT,0,594
99160,PRE,0
99203,PRE,0
99220,ACT,0,132
99251,PRE,0
99253,ACT,0,128
99280,PRE,0
99323,PRE,0
99340,ACT,0,128
99371,PRE,0
99373,ACT,0,136
99400,PRE,0
99443,PRE,0
99460,ACT,0,136
99491,PRE,0
99493,ACT,0,152
99520,PRE,0
99563,PRE,0
99580,ACT,0,152
99611,PRE,0
99613,ACT,0,408
99640,PRE,0
99683,PRE,0
99700,ACT,0,134
99731,PRE,0
99733,ACT,0,128
99760,PRE,0
99803,PRE,0
99820,ACT,0,128
99851,PRE,0
99853,ACT,0,136
99880,PRE,0
99923,PRE,0
99940,ACT,0,136
99971,PRE,0
99973,ACT,0,137
100000,PRE,0
100043,PRE,0
100060,ACT,0,137
100091,PRE,0
100093,ACT,0,153
100120,PRE,0
100163,PRE,0
100180,ACT,0,153
100211,PRE,0
100213,ACT,0,409
100240,PRE,0
100283,PRE,0
100300,ACT,0,266
100331,PRE,0
100333,ACT,0,138
100360,PRE,0
100403,PRE,0
100420,ACT,0,138
100451,PRE,0
100453,ACT,0,136
100480,PRE,0
100523,PRE,0
100540,ACT,0,136
100571,PRE,0
100573,ACT,0,648
100600,PRE,0
100643,PRE,0
100660,ACT,0,648
100691,PRE,0
100693,ACT,0,664
100720,PRE,0
100763,PRE,0
100780,ACT,0,664
100811,PRE,0
100813,ACT,0,665
100840,PRE,0
100883,PRE,0
100900,ACT,0,152
100931,PRE,0
100933,ACT,0,88
100960,PRE,0
101003,PRE,0
101020,ACT,0,88
101051,PRE,0
101053,ACT,0,600
101080,PRE,0
101123,PRE,0
101140,ACT,0,600
101171,PRE,0
101173,ACT,0,592
101200,PRE,0
101243,PRE,0
101260,ACT,0,592
101291,PRE,0
101293,ACT,0,596
101320,PRE,0
101363,PRE,0
101380,ACT,0,394
101411,PRE,0
101413,ACT,0,138
101440,PRE,0
101483,PRE,0
101500,ACT,0,138
101531,PRE,0
101533,ACT,0,136
101560,PRE,0
101603,PRE,0
101620,ACT,0,136
101651,PRE,0
101653,ACT,0,152
101680,PRE,0
101723,PRE,0
101740,ACT,0,152
101771,PRE,0
101773,ACT,0,408
101800,PRE,0
101843,PRE,0
101860,ACT,0,146
101891,PRE,0
101893,ACT,0,138
101920,PRE,0
101963,PRE,0
101980,ACT,0,138
102011,PRE,0
102013,ACT,0,136
102040,PRE,0
102083,PRE,0
102100,ACT,0,136
102131,PRE,0
102133,ACT,0,137
102160,PRE,0
102203,PRE,0
102220,ACT,0,137
102251,PRE,0
102253,ACT,0,153
102280,PRE,0
102323,PRE,0
102340,ACT,0,153
102371,PRE,0
102373,ACT,0,409
102400,PRE,0
102443,PRE,0
102460,ACT,0,162
102491,PRE,0
102493,ACT,0,138
102520,PRE,0
102563,PRE,0
102580,ACT,0,138
102611,PRE,0
102613,ACT,0,136
102640,PRE,0
102683,PRE,0
102700,ACT,0,136
102731,PRE,0
102733,ACT,0,648
102760,PRE,0
102803,PRE,0
102820,ACT,0,648
102851,PRE,0
102853,ACT,0,664
102880,PRE,0
102923,PRE,0
102940,ACT,0,664
102971,PRE,0
102973,ACT,0,665
103000,PRE,0
103043,PRE,0
103060,ACT,0,152
103091,PRE,0
103093,ACT,0,88
103120,PRE,0
103163,PRE,0
103180,ACT,0,88
103211,PRE,0
103213,ACT,0,600
103240,PRE,0
103283,PRE,0
103300,ACT,0,600
103331,PRE,0
103333,ACT,0,592
103360,PRE,0
103403,PRE,0
103420,ACT,0,592
103451,PRE,0
103453,ACT,0,598
103480,PRE,0
103523,PRE,0
103540,ACT,0,170
103571,PRE,0
103573,ACT,0,138
103600,PRE,0
103643,PRE,0
103660,ACT,0,138
103691,PRE,0
103693,ACT,0,136
103720,PRE,0
103763,PRE,0
103780,ACT,0,136
103811,PRE,0
103813,ACT,0,152
103840,PRE,0
103883,PRE,0
103900,ACT,0,152
103931,PRE,0
103933,ACT,0,408
103960,PRE,0
104003,PRE,0
104020,ACT,0,178
104051,PRE,0
104053,ACT,0,138
104080,PRE,0
104123,PRE,0
104140,ACT,0,138
104171,PRE,0
104173,ACT,0,136
104200,PRE,0
104243,PRE,0
104260,ACT,0,136
104291,PRE,0
104293,ACT,0,137
104320,PRE,0
104363,PRE,0
104380,ACT,0,137
104411,PRE,0
104413,ACT,0,153
104440,PRE,0
104483,PRE,0
104500,ACT,0,153
104531,PRE,0
104533,ACT,0,409
104560,PRE,0
104603,PRE,0
104620,ACT,0,186
104651,PRE,0
104653,ACT,0,138
104680,PRE,0
104723,PRE,0
104740,ACT,0,138
104771,PRE,0
104773,ACT,0,136
104800,PRE,0
104843,PRE,0
104860,ACT,0,136
104891,PRE,0
104893,ACT,0,648
104920,PRE,0
104963,PRE,0
104980,ACT,0,648
105011,PRE,0
105013,ACT,0,664
105040,PRE,0
105083,PRE,0
105100,ACT,0,664
105131,PRE,0
105133,ACT,0,665
105160,PRE,0
105203,PRE,0
105220,ACT,0,152
105251,PRE,0
105253,ACT,0,88
105280,PRE,0
105323,PRE,0
105340,ACT,0,88
105371,PRE,0
105373,ACT,0,600
105400,PRE,0
105443,PRE,0
105460,ACT,0,600
105491,PRE,0
105493,ACT,0,624
105520,PRE,0
105563,PRE,0
105580,ACT,0,624
105611,PRE,0
105613,ACT,0,626
105640,PRE,0
105683,PRE,0
105700,ACT,0,458
105731,PRE,0
105733,ACT,0,138
105760,PRE,0
105803,PRE,0
105820,ACT,0,138
105851,PRE,0
105853,ACT,0,136
105880,PRE,0
105923,PRE,0
105940,ACT,0,136
105971,PRE,0
105973,ACT,0,152
106000,PRE,0
106043,PRE,0
106060,ACT,0,152
106091,PRE,0
106093,ACT,0,408
106120,PRE,0
106163,PRE,0
106180,ACT,0,202
106211,PRE,0
106213,ACT,0,138
106240,PRE,0
106283,PRE,0
106300,ACT,0,138
106331,PRE,0
106333,ACT,0,136
106360,PRE,0
106403,PRE,0
106420,ACT,0,136
106451,PRE,0
106453,ACT,0,137
106480,PRE,0
106523,PRE,0
106540,ACT,0,137
106571,PRE,0
106573,ACT,0,153
106600,PRE,0
106643,PRE,0
106660,ACT,0,153
106691,PRE,0
106693,ACT,0,409
106720,PRE,0
106763,PRE,0
106780,ACT,0,330
106811,PRE,0
106813,ACT,0,138
106840,PRE,0
106883,PRE,0
106900,ACT,0,138
106931,PRE,0
106933,ACT,0,136
106960,PRE,0
107003,PRE,0
107020,ACT,0,136
107051,PRE,0
107053,ACT,0,648
107080,PRE,0
107123,PRE,0
107140,ACT,0,648
107171,PRE,0
107173,ACT,0,664
107200,PRE,0
107243,PRE,0
107260,ACT,0,664
107291,PRE,0
107293,ACT,0,665
107320,PRE,0
107363,PRE,0
107380,ACT,0,152
107411,PRE,0
107413,ACT,0,88
107440,PRE,0
107483,PRE,0
107500,ACT,0,88
107531,PRE,0
107533,ACT,0,600
107560,PRE,0
107603,PRE,0
107620,ACT,0,600
107651,PRE,0
107653,ACT,0,624
107680,PRE,0
107723,PRE,0
107740,ACT,0,624
107771,PRE,0
107773,ACT,0,628
107800,PRE,0
107843,PRE,0
107860,ACT,0,268
107891,PRE,0
107893,ACT,0,264
107920,PRE,0
107963,PRE,0
107980,ACT,0,264
108011,PRE,0
108013,ACT,0,136
108040,PRE,0
108083,PRE,0
108100,ACT,0,136
108131,PRE,0
108133,ACT,0,152
108160,PRE,0
108203,PRE,0
108220,ACT,0,152
108251,PRE,0
108253,ACT,0,408
108280,PRE,0
108323,PRE,0
108340,ACT,0,270
108371,PRE,0
108373,ACT,0,264
108400,PRE,0
108443,PRE,0
108460,ACT,0,264
108491,PRE,0
108493,ACT,0,136
108520,PRE,0
108563,PRE,0
108580,ACT,0,136
108611,PRE,0
108613,ACT,0,137
108640,PRE,0
108683,PRE,0
108700,ACT,0,137
108731,PRE,0
108733,ACT,0,153
108760,PRE,0
108803,PRE,0
108820,ACT,0,153
108851,PRE,0
108853,ACT,0,409
108880,PRE,0
108923,PRE,0
108940,ACT,0,396
108971,PRE,0
108973,ACT,0,140
109000,PRE,0
109043,PRE,0
109060,ACT,0,140
109091,PRE,0
109093,ACT,0,136
109120,PRE,0
109163,PRE,0
109180,ACT,0,136
109211,PRE,0
109213,ACT,0,648
109240,PRE,0
109283,PRE,0
109300,ACT,0,648
109331,PRE,0
109333,ACT,0,664
109360,PRE,0
109403,PRE,0
109420,ACT,0,664
109451,PRE,0
109453,ACT,0,665
109480,PRE,0
109523,PRE,0
109540,ACT,0,152
109571,PRE,0
109573,ACT,0,88
109600,PRE,0
109643,PRE,0
109660,ACT,0,88
109691,PRE,0
109693,ACT,0,600
109720,PRE,0
109763,PRE,0
109780,ACT,0,600
109811,PRE,0
109813,ACT,0,624
109840,PRE,0
109883,PRE,0
109900,ACT,0,624
109931,PRE,0
109933,ACT,0,630
109960,PRE,0
110003,PRE,0
110020,ACT,0,148
110051,PRE,0
110053,ACT,0,140
110080,PRE,0
110123,PRE,0
110140,ACT,0,140
110171,PRE,0
110173,ACT,0,136
110200,PRE,0
110243,PRE,0
110260,ACT,0,136
110291,PRE,0
110293,ACT,0,152
110320,PRE,0
110363,PRE,0
110380,ACT,0,152
110411,PRE,0
110413,ACT,0,408
110440,PRE,0
110483,PRE,0
110500,ACT,0,164
110531,PRE,0
110533,ACT,0,140
110560,PRE,0
110603,PRE,0
110620,ACT,0,140
110651,PRE,0
110653,ACT,0,136
110680,PRE,0
110723,PRE,0
110740,ACT,0,136
110771,PRE,0
110773,ACT,0,137
110800,PRE,0
110843,PRE,0
110860,ACT,0,137
110891,PRE,0
110893,ACT,0,153
110920,PRE,0
110963,PRE,0
110980,ACT,0,153
111011,PRE,0
111013,ACT,0,409
111040,PRE,0
111083,PRE,0
111100,ACT,0,172
111131,PRE,0
111133,ACT,0,140
111160,PRE,0
111203,PRE,0
111220,ACT,0,140
111251,PRE,0
111253,ACT,0,136
111280,PRE,0
111323,PRE,0
111340,ACT,0,136
111371,PRE,0
111373,ACT,0,648
111400,PRE,0
111443,PRE,0
111460,ACT,0,648
111491,PRE,0
111493,ACT,0,664
111520,PRE,0
111563,PRE,0
111580,ACT,0,664
111611,PRE,0
111613,ACT,0,665
111640,PRE,0
111683,PRE,0
111700,ACT,0,152
111731,PRE,0
111733,ACT,0,136
111760,PRE,0
111803,PRE,0
111820,ACT,0,136
111851,PRE,0
111853,ACT,0,128
111880,PRE,0
111923,PRE,0
111940,ACT,0,128
111971,PRE,0
111973,ACT,0,130
112000,PRE,0
112043,PRE,0
112060,ACT,0,180
112091,PRE,0
112093,ACT,0,140
112120,PRE,0
112163,PRE,0
112180,ACT,0,140
112211,PRE,0
112213,ACT,0,136
112240,PRE,0
112283,PRE,0
112300,ACT,0,136
112331,PRE,0
112333,ACT,0,152
112360,PRE,0
112403,PRE,0
112420,ACT,0,152
112451,PRE,0
112453,ACT,0,408
112480,PRE,0
112523,PRE,0
112540,ACT,0,188
112571,PRE,0
112573,ACT,0,140
112600,PRE,0
112643,PRE,0
112660,ACT,0,140
112691,PRE,0
112693,ACT,0,136
112720,PRE,0
112763,PRE,0
112780,ACT,0,136
112811,PRE,0
112813,ACT,0,137
112840,PRE,0
112883,PRE,0
112900,ACT,0,137
112931,PRE,0
112933,ACT,0,153
112960,PRE,0
113003,PRE,0
113020,ACT,0,153
113051,PRE,0
113053,ACT,0,409
113080,PRE,0
113123,PRE,0
113140,ACT,0,332
113171,PRE,0
113173,ACT,0,140
113200,PRE,0
113243,PRE,0
113260,ACT,0,140
113291,PRE,0
113293,ACT,0,136
113320,PRE,0
113363,PRE,0
113380,ACT,0,136
113411,PRE,0
113413,ACT,0,648
113440,PRE,0
113483,PRE,0
113500,ACT,0,648
113531,PRE,0
113533,ACT,0,664
113560,PRE,0
113603,PRE,0
113620,ACT,0,664
113651,PRE,0
113653,ACT,0,665
113680,PRE,0
113723,PRE,0
113740,ACT,0,152
113771,PRE,0
113773,ACT,0,136
113800,PRE,0
113843,PRE,0
113860,ACT,0,136
113891,PRE,0
113893,ACT,0,128
113920,PRE,0
113963,PRE,0
113980,ACT,0,128
114011,PRE,0
114013,ACT,0,132
114040,PRE,0
114083,PRE,0
114100,ACT,0,460
114131,PRE,0
114133,ACT,0,140
114160,PRE,0
114203,PRE,0
114220,ACT,0,140
114251,PRE,0
114253,ACT,0,136
114280,PRE,0
114323,PRE,0
114340,ACT,0,136
114371,PRE,0
114373,ACT,0,152
114400,PRE,0
114443,PRE,0
114460,ACT,0,152
114491,PRE,0
114493,ACT,0,408
114520,PRE,0
114563,PRE,0
114580,ACT,0,204
114611,PRE,0
114613,ACT,0,140
114640,PRE,0
114683,PRE,0
114700,ACT,0,140
114731,PRE,0
114733,ACT,0,136
114760,PRE,0
114803,PRE,0
114820,ACT,0,136
114851,PRE,0
114853,ACT,0,137
114880,PRE,0
114923,PRE,0
114940,ACT,0,137
114971,PRE,0
114973,ACT,0,153
115000,PRE,0
115043,PRE,0
115060,ACT,0,153
115091,PRE,0
115093,ACT,0,409
115120,PRE,0
115163,PRE,0
115180,ACT,0,398
115211,PRE,0
115213,ACT,0,392
115240,PRE,0
115283,PRE,0
115300,ACT,0,392
115331,PRE,0
115333,ACT,0,136
115360,PRE,0
115403,PRE,0
115420,ACT,0,136
115451,PRE,0
115453,ACT,0,648
115480,PRE,0
115523,PRE,0
115540,ACT,0,648
115571,PRE,0
115573,ACT,0,664
115600,PRE,0
115643,PRE,0
115660,ACT,0,664
115691,PRE,0
115693,ACT,0,665
115720,PRE,0
115763,PRE,0
115780,ACT,0,152
115811,PRE,0
115813,ACT,0,136
115840,PRE,0
115883,PRE,0
115900,ACT,0,136
115931,PRE,0
115933,ACT,0,128
115960,PRE,0
116003,PRE,0
116020,ACT,0,128
116051,PRE,0
116053,ACT,0,134
116080,PRE,0
116123,PRE,0
116140,ACT,0,150
116171,PRE,0
116173,ACT,0,142
116200,PRE,0
116243,PRE,0
116260,ACT,0,142
116291,PRE,0
116293,ACT,0,136
116320,PRE,0
116363,PRE,0
116380,ACT,0,136
116411,PRE,0
116413,ACT,0,152
116440,PRE,0
116483,PRE,0
116500,ACT,0,152
116531,PRE,0
116533,ACT,0,408
116560,PRE,0
116603,PRE,0
116620,ACT,0,166
116651,PRE,0
116653,ACT,0,142
116680,PRE,0
116723,PRE,0
116740,ACT,0,142
116771,PRE,0
116773,ACT,0,136
116800,PRE,0
116843,PRE,0
116860,ACT,0,136
116891,PRE,0
116893,ACT,0,137
116920,PRE,0
116963,PRE,0
116980,ACT,0,137
117011,PRE,0
117013,ACT,0,153
117040,PRE,0
117083,PRE,0
117100,ACT,0,153
117131,PRE,0
117133,ACT,0,409
117160,PRE,0
117203,PRE,0
117220,ACT,0,174
117251,PRE,0
117253,ACT,0,142
117280,PRE,0
117323,PRE,0
117340,ACT,0,142
117371,PRE,0
117373,ACT,0,136
117400,PRE,0
117443,PRE,0
117460,ACT,0,136
117491,PRE,0
117493,ACT,0,648
117520,PRE,0
117563,PRE,0
117580,ACT,0,648
117611,PRE,0
117613,ACT,0,664
117640,PRE,0
117683,PRE,0
117700,ACT,0,664
117731,PRE,0
117733,ACT,0,665
117760,PRE,0
117803,PRE,0
117820,ACT,0,152
117851,PRE,0
117853,ACT,0,136
117880,PRE,0
117923,PRE,0
117940,ACT,0,136
117971,PRE,0
117973,ACT,0,138
118000,PRE,0
118043,PRE,0
118060,ACT,0,138
118091,PRE,0
118093,ACT,0,266
118120,PRE,0
118163,PRE,0
118180,ACT,0,182
118211,PRE,0
118213,ACT,0,142
118240,PRE,0
118283,PRE,0
118300,ACT,0,142
118331,PRE,0
118333,ACT,0,136
118360,PRE,0
118403,PRE,0
118420,ACT,0,136
118451,PRE,0
118453,ACT,0,152
118480,PRE,0
118523,PRE,0
118540,ACT,0,152
118571,PRE,0
118573,ACT,0,408
118600,PRE,0
118643,PRE,0
118660,ACT,0,190
118691,PRE,0
118693,ACT,0,142
118720,PRE,0
118763,PRE,0
118780,ACT,0,142
118811,PRE,0
118813,ACT,0,136
118840,PRE,0
118883,PRE,0
118900,ACT,0,136
118931,PRE,0
118933,ACT,0,137
118960,PRE,0
119003,PRE,0
119020,ACT,0,137
119051,PRE,0
119053,ACT,0,153
119080,PRE,0
119123,PRE,0
119140,ACT,0,153
119171,PRE,0
119173,ACT,0,409
119200,PRE,0
119243,PRE,0
119260,ACT,0,206
119291,PRE,0
119293,ACT,0,142
119320,PRE,0
119363,PRE,0
119380,ACT,0,142
119411,PRE,0
119413,ACT,0,136
119440,PRE,0
119483,PRE,0
119500,ACT,0,136
119531,PRE,0
119533,ACT,0,648
119560,PRE,0
119603,PRE,0
119620,ACT,0,648
119651,PRE,0
119653,ACT,0,664
119680,PRE,0
119723,PRE,0
119740,ACT,0,664
119771,PRE,0
119773,ACT,0,665
119800,PRE,0
119843,PRE,0
119860,ACT,0,152
119891,PRE,0
119893,ACT,0,136
119920,PRE,0
119963,PRE,0
119980,ACT,0,136
120011,PRE,0
120013,ACT,0,138
120040,PRE,0
120083,PRE,0
120100,ACT,0,138
120131,PRE,0
120133,ACT,0,394
120160,PRE,0
120203,PRE,0
120220,ACT,0,334
120251,PRE,0
120253,ACT,0,142
120280,PRE,0
120323,PRE,0
120340,ACT,0,142
120371,PRE,0
120373,ACT,0,136
120400,PRE,0
120443,PRE,0
120460,ACT,0,136
120491,PRE,0
120493,ACT,0,152
120520,PRE,0
120563,PRE,0
120580,ACT,0,152
120611,PRE,0
120613,ACT,0,408
120640,PRE,0
120683,PRE,0
120700,ACT,0,462
120731,PRE,0
120733,ACT,0,142
120760,PRE,0
120803,PRE,0
120820,ACT,0,142
120851,PRE,0
120853,ACT,0,136
120880,PRE,0
120923,PRE,0
120940,ACT,0,136
120971,PRE,0
120973,ACT,0,137
121000,PRE,0
121043,PRE,0
121060,ACT,0,137
121091,PRE,0
121093,ACT,0,153
121120,PRE,0
121163,PRE,0
121180,ACT,0,153
121211,PRE,0
121213,ACT,0,409
121240,PRE,0
121283,PRE,0
121300,ACT,0,673
121331,PRE,0
121333,ACT,0,161
121360,PRE,0
121403,PRE,0
121420,ACT,0,161
121451,PRE,0
121453,ACT,0,137
121480,PRE,0
121523,PRE,0
121540,ACT,0,137
121571,PRE,0
121573,ACT,0,136
121600,PRE,0
121643,PRE,0
121660,ACT,0,136
121691,PRE,0
121693,ACT,0,648
121720,PRE,0
121763,PRE,0
121780,ACT,0,648
121811,PRE,0
121813,ACT,0,664
121840,PRE,0
121883,PRE,0
121900,ACT,0,664
121931,PRE,0
121933,ACT,0,665
121960,PRE,0
122003,PRE,0
122020,ACT,0,152
122051,PRE,0
122053,ACT,0,136
122080,PRE,0
122123,PRE,0
122140,ACT,0,136
122171,PRE,0
122173,ACT,0,138
122200,PRE,0
122243,PRE,0
122260,ACT,0,138
122291,PRE,0
122293,ACT,0,146
122320,PRE,0
122363,PRE,0
122380,ACT,0,163
122411,PRE,0
122413,ACT,0,161
122440,PRE,0
122483,PRE,0
122500,ACT,0,161
122531,PRE,0
122533,ACT,0,137
122560,PRE,0
122603,PRE,0
122620,ACT,0,137
122651,PRE,0
122653,ACT,0,136
122680,PRE,0
122723,PRE,0
122740,ACT,0,136
122771,PRE,0
122773,ACT,0,152
122800,PRE,0
122843,PRE,0
122860,ACT,0,152
122891,PRE,0
122893,ACT,0,408
122920,PRE,0
122963,PRE,0
122980,ACT,0,634
123011,PRE,0
123013,ACT,0,632
123040,PRE,0
123083,PRE,0
123100,ACT,0,632
123131,PRE,0
123133,ACT,0,600
123160,PRE,0
123203,PRE,0
123220,ACT,0,600
123251,PRE,0
123253,ACT,0,88
123280,PRE,0
123323,PRE,0
123340,ACT,0,88
123371,PRE,0
123373,ACT,0,89
123400,PRE,0
123443,PRE,0
123460,ACT,0,89
123491,PRE,0
123493,ACT,0,153
123520,PRE,0
123563,PRE,0
123580,ACT,0,153
123611,PRE,0
123613,ACT,0,409
123640,PRE,0
123683,PRE,0
123700,ACT,0,634
123731,PRE,0
123733,ACT,0,632
123760,PRE,0
123803,PRE,0
123820,ACT,0,632
123851,PRE,0
123853,ACT,0,600
123880,PRE,0
123923,PRE,0
123940,ACT,0,600
123971,PRE,0
123973,ACT,0,664
124000,PRE,0
124043,PRE,0
124060,ACT,0,664
124091,PRE,0
124093,ACT,0,665
124120,PRE,0
124163,PRE,0
124180,ACT,0,152
124211,PRE,0
124213,ACT,0,136
124240,PRE,0
124283,PRE,0
124300,ACT,0,136
124331,PRE,0
124333,ACT,0,138
124360,PRE,0
124403,PRE,0
124420,ACT,0,138
124451,PRE,0
124453,ACT,0,162
124480,PRE,0
124523,PRE,0
124540,ACT,0,636
124571,PRE,0
124573,ACT,0,632
124600,PRE,0
124643,PRE,0
124660,ACT,0,632
124691,PRE,0
124693,ACT,0,600
124720,PRE,0
124763,PRE,0
124780,ACT,0,600
124811,PRE,0
124813,ACT,0,88
124840,PRE,0
124883,PRE,0
124900,ACT,0,88
124931,PRE,0
124933,ACT,0,152
124960,PRE,0
125003,PRE,0
125020,ACT,0,152
125051,PRE,0
125053,ACT,0,408
125080,PRE,0
125123,PRE,0
125140,ACT,0,638
125171,PRE,0
125173,ACT,0,632
125200,PRE,0
125243,PRE,0
125260,ACT,0,632
125291,PRE,0
125293,ACT,0,600
125320,PRE,0
125363,PRE,0
125380,ACT,0,600
125411,PRE,0
125413,ACT,0,88
125440,PRE,0
125483,PRE,0
125500,ACT,0,88
125531,PRE,0
125533,ACT,0,89
125560,PRE,0
125603,PRE,0
125620,ACT,0,89
125651,PRE,0
125653,ACT,0,153
125680,PRE,0
125723,PRE,0
125740,ACT,0,153
125771,PRE,0
125773,ACT,0,409
125800,PRE,0
125843,PRE,0
125860,ACT,0,594
125891,PRE,0
125893,ACT,0,592
125920,PRE,0
125963,PRE,0
125980,ACT,0,592
126011,PRE,0
126013,ACT,0,600
126040,PRE,0
126083,PRE,0
126100,ACT,0,600
126131,PRE,0
126133,ACT,0,664
126160,PRE,0
126203,PRE,0
126220,ACT,0,664
126251,PRE,0
126253,ACT,0,665
126280,PRE,0
126323,PRE,0
126340,ACT,0,152
126371,PRE,0
126373,ACT,0,88
126400,PRE,0
126443,PRE,0
126460,ACT,0,88
126491,PRE,0
126493,ACT,0,600
126520,PRE,0
126563,PRE,0
126580,ACT,0,600
126611,PRE,0
126613,ACT,0,632
126640,PRE,0
126683,PRE,0
126700,ACT,0,632
126731,PRE,0
126733,ACT,0,636
126760,PRE,0
126803,PRE,0
126820,ACT,0,596
126851,PRE,0
126853,ACT,0,592
126880,PRE,0
126923,PRE,0
126940,ACT,0,592
126971,PRE,0
126973,ACT,0,600
127000,PRE,0
127043,PRE,0
127060,ACT,0,600
127091,PRE,0
127093,ACT,0,88
127120,PRE,0
127163,PRE,0
127180,ACT,0,88
127211,PRE,0
127213,ACT,0,152
127240,PRE,0
127283,PRE,0
127300,ACT,0,152
127331,PRE,0
127333,ACT,0,408
127360,PRE,0
127403,PRE,0
127420,ACT,0,598
127451,PRE,0
127453,ACT,0,592
127480,PRE,0
127523,PRE,0
127540,ACT,0,592
127571,PRE,0
127573,ACT,0,600
127600,PRE,0
127643,PRE,0
127660,ACT,0,600
127691,PRE,0
127693,ACT,0,88
127720,PRE,0
127763,PRE,0
127780,ACT,0,88
127811,PRE,0
127813,ACT,0,89
127840,PRE,0
127883,PRE,0
127900,ACT,0,89
127931,PRE,0
127933,ACT,0,153
127960,PRE,0
128003,PRE,0
128020,ACT,0,153
128051,PRE,0
128053,ACT,0,409
128080,PRE,0
128123,PRE,0
128140,ACT,0,626
128171,PRE,0
128173,ACT,0,624
128200,PRE,0
128243,PRE,0
128260,ACT,0,624
128291,PRE,0
128293,ACT,0,600
128320,PRE,0
128363,PRE,0
128380,ACT,0,600
128411,PRE,0
128413,ACT,0,664
128440,PRE,0
128483,PRE,0
128500,ACT,0,664
128531,PRE,0
128533,ACT,0,665
128560,PRE,0
128603,PRE,0
128620,ACT,0,152
128651,PRE,0
128653,ACT,0,88
128680,PRE,0
128723,PRE,0
128740,ACT,0,88
128771,PRE,0
128773,ACT,0,600
128800,PRE,0
128843,PRE,0
128860,ACT,0,600
128891,PRE,0
128893,ACT,0,632
128920,PRE,0
128963,PRE,0
128980,ACT,0,632
129011,PRE,0
129013,ACT,0,638
129040,PRE,0
129083,PRE,0
129100,ACT,0,628
129131,PRE,0
129133,ACT,0,624
129160,PRE,0
129203,PRE,0
129220,ACT,0,624
129251,PRE,0
129253,ACT,0,600
129280,PRE,0
129323,PRE,0
129340,ACT,0,600
129371,PRE,0
129373,ACT,0,88
129400,PRE,0
129443,PRE,0
129460,ACT,0,88
129491,PRE,0
129493,ACT,0,152
129520,PRE,0
129563,PRE,0
129580,ACT,0,152
129611,PRE,0
129613,ACT,0,408
129640,PRE,0
129683,PRE,0
129700,ACT,0,630
129731,PRE,0
129733,ACT,0,624
129760,PRE,0
129803,PRE,0
129820,ACT,0,624
129851,PRE,0
129853,ACT,0,600
129880,PRE,0
129923,PRE,0
129940,ACT,0,600
129971,PRE,0
129973,ACT,0,88
130000,PRE,0
130043,PRE,0
130060,ACT,0,88
130091,PRE,0
130093,ACT,0,89
130120,PRE,0
130163,PRE,0
130180,ACT,0,89
130211,PRE,0
130213,ACT,0,153
130240,PRE,0
130283,PRE,0
130300,ACT,0,153
130331,PRE,0
130333,ACT,0,409
130360,PRE,0
130403,PRE,0
130420,ACT,0,130
130451,PRE,0
130453,ACT,0,128
130480,PRE,0
130523,PRE,0
130540,ACT,0,128
130571,PRE,0
130573,ACT,0,136
130600,PRE,0
130643,PRE,0
130660,ACT,0,136
130691,PRE,0
130693,ACT,0,648
130720,PRE,0
130763,PRE,0
130780,ACT,0,648
130811,PRE,0
130813,ACT,0,664
130840,PRE,0
130883,PRE,0
130900,ACT,0,664
130931,PRE,0
130933,ACT,0,665
130960,PRE,0
131003,PRE,0
131020,ACT,0,152
131051,PRE,0
131053,ACT,0,88
131080,PRE,0
131123,PRE,0
131140,ACT,0,88
131171,PRE,0
131173,ACT,0,600
131200,PRE,0
131243,PRE,0
131260,ACT,0,600
131291,PRE,0
131293,ACT,0,592
131320,PRE,0
131363,PRE,0
131380,ACT,0,592
131411,PRE,0
131413,ACT,0,594
131440,PRE,0
131483,PRE,0
131500,ACT,0,132
131531,PRE,0
131533,ACT,0,128
131560,PRE,0
131603,PRE,0
131620,ACT,0,128
131651,PRE,0
131653,ACT,0,136
131680,PRE,0
131723,PRE,0
131740,ACT,0,136
131771,PRE,0
131773,ACT,0,152
131800,PRE,0
131843,PRE,0
131860,ACT,0,152
131891,PRE,0
131893,ACT,0,408
131920,PRE,0
131963,PRE,0
131980,ACT,0,134
132011,PRE,0
132013,ACT,0,128
132040,PRE,0
132083,PRE,0
132100,ACT,0,128
132131,PRE,0
132133,ACT,0,136
132160,PRE,0
132203,PRE,0
132220,ACT,0,136
132251,PRE,0
132253,ACT,0,137
132280,PRE,0
132323,PRE,0
132340,ACT,0,137
132371,PRE,0
132373,ACT,0,153
132400,PRE,0
132443,PRE,0
132460,ACT,0,153
132491,PRE,0
132493,ACT,0,409
132520,PRE,0
132563,PRE,0
132580,ACT,0,266
132611,PRE,0
132613,ACT,0,138
132640,PRE,0
132683,PRE,0
132700,ACT,0,138
132731,PRE,0
132733,ACT,0,136
132760,PRE,0
132803,PRE,0
132820,ACT,0,136
132851,PRE,0
132853,ACT,0,648
132880,PRE,0
132923,PRE,0
132940,ACT,0,648
132971,PRE,0
132973,ACT,0,664
133000,PRE,0
133043,PRE,0
133060,ACT,0,664
133091,PRE,0
133093,ACT,0,665
133120,PRE,0
133163,PRE,0
133180,ACT,0,152
133211,PRE,0
133213,ACT,0,88
133240,PRE,0
133283,PRE,0
133300,ACT,0,88
133331,PRE,0
133333,ACT,0,600
133360,PRE,0
133403,PRE,0
133420,ACT,0,600
133451,PRE,0
133453,ACT,0,592
133480,PRE,0
133523,PRE,0
133540,ACT,0,592
133571,PRE,0
133573,ACT,0,596
133600,PRE,0
133643,PRE,0
133660,ACT,0,394
133691,PRE,0
133693,ACT,0,138
133720,PRE,0
133763,PRE,0
133780,ACT,0,138
133811,PRE,0
133813,ACT,0,136
133840,PRE,0
133883,PRE,0
133900,ACT,0,136
133931,PRE,0
133933,ACT,0,152
133960,PRE,0
134003,PRE,0
134020,ACT,0,152
134051,PRE,0
134053,ACT,0,408
134080,PRE,0
134123,PRE,0
134140,ACT,0,146
134171,PRE,0
134173,ACT,0,138
134200,PRE,0
134243,PRE,0
134260,ACT,0,138
134291,PRE,0
134293,ACT,0,136
134320,PRE,0
134363,PRE,0
134380,ACT,0,136
134411,PRE,0
134413,ACT,0,137
134440,PRE,0
134483,PRE,0
134500,ACT,0,137
134531,PRE,0
134533,ACT,0,153
134560,PRE,0
134603,PRE,0
134620,ACT,0,153
134651,PRE,0
134653,ACT,0,409
134680,PRE,0
134723,PRE,0
134740,ACT,0,162
134771,PRE,0
134773,ACT,0,138
134800,PRE,0
134843,PRE,0
134860,ACT,0,138
134891,PRE,0
134893,ACT,0,136
134920,PRE,0
134963,PRE,0
134980,ACT,0,136
135011,PRE,0
135013,ACT,0,648
135040,PRE,0
135083,PRE,0
135100,ACT,0,648
135131,PRE,0
135133,ACT,0,664
135160,PRE,0
135203,PRE,0
135220,ACT,0,664
135251,PRE,0
135253,ACT,0,665
135280,PRE,0
135323,PRE,0
135340,ACT,0,152
135371,PRE,0
135373,ACT,0,88
135400,PRE,0
135443,PRE,0
135460,ACT,0,88
135491,PRE,0
135493,ACT,0,600
135520,PRE,0
135563,PRE,0
135580,ACT,0,600
135611,PRE,0
135613,ACT,0,592
135640,PRE,0
135683,PRE,0
135700,ACT,0,592
135731,PRE,0
135733,ACT,0,598
135760,PRE,0
135803,PRE,0
135820,ACT,0,636
135851,PRE,0
135853,ACT,0,632
135880,PRE,0
135923,PRE,0
135940,ACT,0,632
135971,PRE,0
135973,ACT,0,600
136000,PRE,0
136043,PRE,0
136060,ACT,0,600
136091,PRE,0
136093,ACT,0,88
136120,PRE,0
136163,PRE,0
136180,ACT,0,88
136211,PRE,0
136213,ACT,0,152
136240,PRE,0
136283,PRE,0
136300,ACT,0,152
136331,PRE,0
136333,ACT,0,408
136360,PRE,0
136403,PRE,0
136420,ACT,0,638
136451,PRE,0
136453,ACT,0,632
136480,PRE,0
136523,PRE,0
136540,ACT,0,632
136571,PRE,0
136573,ACT,0,600
136600,PRE,0
136643,PRE,0
136660,ACT,0,600
136691,PRE,0
136693,ACT,0,88
136720,PRE,0
136763,PRE,0
136780,ACT,0,88
136811,PRE,0
136813,ACT,0,89
136840,PRE,0
136883,PRE,0
136900,ACT,0,89
136931,PRE,0
136933,ACT,0,153
136960,PRE,0
137003,PRE,0
137020,ACT,0,153
137051,PRE,0
137053,ACT,0,409
137080,PRE,0
137123,PRE,0
137140,ACT,0,594
137171,PRE,0
137173,ACT,0,592
137200,PRE,0
137243,PRE,0
137260,ACT,0,592
137291,PRE,0
137293,ACT,0,600
137320,PRE,0
137363,PRE,0
137380,ACT,0,600
137411,PRE,0
137413,ACT,0,664
137440,PRE,0
137483,PRE,0
137500,ACT,0,664
137531,PRE,0
137533,ACT,0,665
137560,PRE,0
137603,PRE,0
137620,ACT,0,152
137651,PRE,0
137653,ACT,0,88
137680,PRE,0
137723,PRE,0
137740,ACT,0,88
137771,PRE,0
137773,ACT,0,600
137800,PRE,0
137843,PRE,0
137860,ACT,0,600
137891,PRE,0
137893,ACT,0,632
137920,PRE,0
137963,PRE,0
137980,ACT,0,632
138011,PRE,0
138013,ACT,0,636
138040,PRE,0
138083,PRE,0
138100,ACT,0,596
138131,PRE,0
138133,ACT,0,592
138160,PRE,0
138203,PRE,0
138220,ACT,0,592
138251,PRE,0
138253,ACT,0,600
138280,PRE,0
138323,PRE,0
138340,ACT,0,600
138371,PRE,0
138373,ACT,0,88
138400,PRE,0
138443,PRE,0
138460,ACT,0,88
138491,PRE,0
138493,ACT,0,152
138520,PRE,0
138563,PRE,0
138580,ACT,0,152
138611,PRE,0
138613,ACT,0,408
138640,PRE,0
138683,PRE,0
138700,ACT,0,598
138731,PRE,0
138733,ACT,0,592
138760,PRE,0
138803,PRE,0
138820,ACT,0,592
138851,PRE,0
138853,ACT,0,600
138880,PRE,0
138923,PRE,0
138940,ACT,0,600
138971,PRE,0
138973,ACT,0,88
139000,PRE,0
139043,PRE,0
139060,ACT,0,88
139091,PRE,0
139093,ACT,0,89
139120,PRE,0
139163,PRE,0
139180,ACT,0,89
139211,PRE,0
139213,ACT,0,153
139240,PRE,0
139283,PRE,0
139300,ACT,0,153
139331,PRE,0
139333,ACT,0,409
139360,PRE,0
139403,PRE,0
139420,ACT,0,634
139451,PRE,0
139453,ACT,0,632
139480,PRE,0
139523,PRE,0
139540,ACT,0,632
139571,PRE,0
139573,ACT,0,600
139600,PRE,0
139643,PRE,0
139660,ACT,0,600
139691,PRE,0
139693,ACT,0,664
139720,PRE,0
139763,PRE,0
139780,ACT,0,664
139811,PRE,0
139813,ACT,0,665
139840,PRE,0
139883,PRE,0
139900,ACT,0,152
139931,PRE,0
139933,ACT,0,88
139960,PRE,0
140003,PRE,0
140020,ACT,0,88
140051,PRE,0
140053,ACT,0,600
140080,PRE,0
140123,PRE,0
140140,ACT,0,600
140171,PRE,0
140173,ACT,0,632
140200,PRE,0
140243,PRE,0
140260,ACT,0,632
140291,PRE,0
140293,ACT,0,638
140320,PRE,0
140363,PRE,0
140380,ACT,0,636
140411,PRE,0
140413,ACT,0,632
140440,PRE,0
140483,PRE,0
140500,ACT,0,632
140531,PRE,0
140533,ACT,0,600
140560,PRE,0
140603,PRE,0
140620,ACT,0,600
140651,PRE,0
140653,ACT,0,88
140680,PRE,0
140723,PRE,0
140740,ACT,0,88
140771,PRE,0
140773,ACT,0,152
140800,PRE,0
140843,PRE,0
140860,ACT,0,152
140891,PRE,0
140893,ACT,0,408
140920,PRE,0
140963,PRE,0
140980,ACT,0,638
141011,PRE,0
141013,ACT,0,632
141040,PRE,0
141083,PRE,0
141100,ACT,0,632
141131,PRE,0
141133,ACT,0,600
141160,PRE,0
141203,PRE,0
141220,ACT,0,600
141251,PRE,0
141253,ACT,0,88
141280,PRE,0
141323,PRE,0
141340,ACT,0,88
141371,PRE,0
141373,ACT,0,89
141400,PRE,0
141443,PRE,0
141460,ACT,0,89
141491,PRE,0
141493,ACT,0,153
141520,PRE,0
141563,PRE,0
141580,ACT,0,153
141611,PRE,0
141613,ACT,0,409
141640,PRE,0
141683,PRE,0
141700,ACT,0,634
141731,PRE,0
141733,ACT,0,632
141760,PRE,0
141803,PRE,0
141820,ACT,0,632
141851,PRE,0
141853,ACT,0,600
141880,PRE,0
141923,PRE,0
141940,ACT,0,600
141971,PRE,0
141973,ACT,0,664
142000,PRE,0
142043,PRE,0
142060,ACT,0,664
142091,PRE,0
142093,ACT,0,665
142120,PRE,0
142163,PRE,0
142180,ACT,0,152
142211,PRE,0
142213,ACT,0,88
142240,PRE,0
142283,PRE,0
142300,ACT,0,88
142331,PRE,0
142333,ACT,0,600
142360,PRE,0
142403,PRE,0
142420,ACT,0,600
142451,PRE,0
142453,ACT,0,632
142480,PRE,0
142523,PRE,0
142540,ACT,0,632
142571,PRE,0
142573,ACT,0,636
142600,PRE,0
142629,PRE,0
