0,PRE,0
12,ACT,0,256
23,PRE,0
25,ACT,0,0
38,PRE,0
50,ACT,0,0
61,PRE,0
63,ACT,0,24
76,PRE,0
88,ACT,0,24
99,PRE,0
101,ACT,0,152
114,PRE,0
126,ACT,0,152
137,PRE,0
139,ACT,0,408
152,PRE,0
164,ACT,0,384
175,PRE,0
177,ACT,0,0
190,PRE,0
202,ACT,0,0
213,PRE,0
215,ACT,0,24
228,PRE,0
240,ACT,0,24
251,PRE,0
253,ACT,0,25
266,PRE,0
278,ACT,0,25
289,PRE,0
291,ACT,0,153
304,PRE,0
316,ACT,0,153
327,PRE,0
329,ACT,0,409
342,PRE,0
354,ACT,0,192
365,PRE,0
367,ACT,0,0
380,PRE,0
392,ACT,0,0
403,PRE,0
405,ACT,0,24
418,PRE,0
430,ACT,0,24
441,PRE,0
443,ACT,0,536
456,PRE,0
468,ACT,0,536
479,PRE,0
481,ACT,0,664
494,PRE,0
506,ACT,0,664
517,PRE,0
519,ACT,0,665
532,PRE,0
544,ACT,0,152
555,PRE,0
557,ACT,0,24
570,PRE,0
582,ACT,0,24
593,PRE,0
595,ACT,0,536
608,PRE,0
620,ACT,0,536
631,PRE,0
633,ACT,0,552
646,PRE,0
658,ACT,0,552
669,PRE,0
671,ACT,0,744
684,PRE,0
696,ACT,0,448
707,PRE,0
709,ACT,0,0
722,PRE,0
734,ACT,0,0
745,PRE,0
747,ACT,0,24
760,PRE,0
772,ACT,0,24
783,PRE,0
785,ACT,0,152
798,PRE,0
810,ACT,0,152
821,PRE,0
823,ACT,0,408
836,PRE,0
848,ACT,0,12
859,PRE,0
861,ACT,0,8
874,PRE,0
886,ACT,0,8
897,PRE,0
899,ACT,0,24
912,PRE,0
924,ACT,0,24
935,PRE,0
937,ACT,0,25
950,PRE,0
962,ACT,0,25
973,PRE,0
975,ACT,0,153
988,PRE,0
1000,ACT,0,153
1011,PRE,0
1013,ACT,0,409
1026,PRE,0
1038,ACT,0,18
1049,PRE,0
1051,ACT,0,16
1064,PRE,0
1076,ACT,0,16
1087,PRE,0
1089,ACT,0,24
1102,PRE,0
1114,ACT,0,24
1125,PRE,0
1127,ACT,0,536
1140,PRE,0
1152,ACT,0,536
1163,PRE,0
1165,ACT,0,664
1178,PRE,0
1190,ACT,0,664
1201,PRE,0
1203,ACT,0,665
1216,PRE,0
1228,ACT,0,152
1239,PRE,0
1241,ACT,0,24
1254,PRE,0
1266,ACT,0,24
1277,PRE,0
1279,ACT,0,536
1292,PRE,0
1304,ACT,0,536
1315,PRE,0
1317,ACT,0,552
1330,PRE,0
1342,ACT,0,552
1353,PRE,0
1355,ACT,0,808
1368,PRE,0
1380,ACT,0,272
1391,PRE,0
1393,ACT,0,16
1406,PRE,0
1418,ACT,0,16
1429,PRE,0
1431,ACT,0,24
1444,PRE,0
1456,ACT,0,24
1467,PRE,0
1469,ACT,0,152
1482,PRE,0
1494,ACT,0,152
1505,PRE,0
1507,ACT,0,408
1520,PRE,0
1532,ACT,0,400
1543,PRE,0
1545,ACT,0,16
1558,PRE,0
1570,ACT,0,16
1581,PRE,0
1583,ACT,0,24
1596,PRE,0
1608,ACT,0,24
1619,PRE,0
1621,ACT,0,25
1634,PRE,0
1646,ACT,0,25
1657,PRE,0
1659,ACT,0,153
1672,PRE,0
1684,ACT,0,153
1695,PRE,0
1697,ACT,0,409
1710,PRE,0
1722,ACT,0,336
1733,PRE,0
1735,ACT,0,16
1748,PRE,0
1760,ACT,0,16
1771,PRE,0
1773,ACT,0,24
1786,PRE,0
1798,ACT,0,24
1809,PRE,0
1811,ACT,0,536
1824,PRE,0
1836,ACT,0,536
1847,PRE,0
1849,ACT,0,664
1862,PRE,0
1874,ACT,0,664
1885,PRE,0
1887,ACT,0,665
1900,PRE,0
1912,ACT,0,152
1923,PRE,0
1925,ACT,0,24
1938,PRE,0
1950,ACT,0,24
1961,PRE,0
1963,ACT,0,536
1976,PRE,0
1988,ACT,0,536
1999,PRE,0
2001,ACT,0,552
2014,PRE,0
2026,ACT,0,552
2037,PRE,0
2039,ACT,0,554
2052,PRE,0
2064,ACT,0,282
2075,PRE,0
2077,ACT,0,280
2090,PRE,0
2102,ACT,0,280
2113,PRE,0
2115,ACT,0,24
2128,PRE,0
2140,ACT,0,24
2151,PRE,0
2153,ACT,0,152
2166,PRE,0
2178,ACT,0,152
2189,PRE,0
2191,ACT,0,408
2204,PRE,0
2216,ACT,0,286
2227,PRE,0
2229,ACT,0,280
2242,PRE,0
2254,ACT,0,280
2265,PRE,0
2267,ACT,0,24
2280,PRE,0
2292,ACT,0,24
2303,PRE,0
2305,ACT,0,25
2318,PRE,0
2330,ACT,0,25
2341,PRE,0
2343,ACT,0,153
2356,PRE,0
2368,ACT,0,153
2379,PRE,0
2381,ACT,0,409
2394,PRE,0
2406,ACT,0,296
2417,PRE,0
2419,ACT,0,280
2432,PRE,0
2444,ACT,0,280
2455,PRE,0
2457,ACT,0,24
2470,PRE,0
2482,ACT,0,24
2493,PRE,0
2495,ACT,0,536
2508,PRE,0
2520,ACT,0,536
2531,PRE,0
2533,ACT,0,664
2546,PRE,0
2558,ACT,0,664
2569,PRE,0
2571,ACT,0,665
2584,PRE,0
2596,ACT,0,152
2607,PRE,0
2609,ACT,0,24
2622,PRE,0
2634,ACT,0,24
2645,PRE,0
2647,ACT,0,536
2660,PRE,0
2672,ACT,0,536
2683,PRE,0
2685,ACT,0,552
2698,PRE,0
2710,ACT,0,552
2721,PRE,0
2723,ACT,0,556
2736,PRE,0
2748,ACT,0,312
2759,PRE,0
2761,ACT,0,280
2774,PRE,0
2786,ACT,0,280
2797,PRE,0
2799,ACT,0,24
2812,PRE,0
2824,ACT,0,24
2835,PRE,0
2837,ACT,0,152
2850,PRE,0
2862,ACT,0,152
2873,PRE,0
2875,ACT,0,408
2888,PRE,0
2900,ACT,0,410
2911,PRE,0
2913,ACT,0,26
2926,PRE,0
2938,ACT,0,26
2949,PRE,0
2951,ACT,0,24
2964,PRE,0
2976,ACT,0,24
2987,PRE,0
2989,ACT,0,25
3002,PRE,0
3014,ACT,0,25
3025,PRE,0
3027,ACT,0,153
3040,PRE,0
3052,ACT,0,153
3063,PRE,0
3065,ACT,0,409
3078,PRE,0
3090,ACT,0,42
3101,PRE,0
3103,ACT,0,26
3116,PRE,0
3128,ACT,0,26
3139,PRE,0
3141,ACT,0,24
3154,PRE,0
3166,ACT,0,24
3177,PRE,0
3179,ACT,0,536
3192,PRE,0
3204,ACT,0,536
3215,PRE,0
3217,ACT,0,664
3230,PRE,0
3242,ACT,0,664
3253,PRE,0
3255,ACT,0,665
3268,PRE,0
3280,ACT,0,152
3291,PRE,0
3293,ACT,0,24
3306,PRE,0
3318,ACT,0,24
3329,PRE,0
3331,ACT,0,536
3344,PRE,0
3356,ACT,0,536
3367,PRE,0
3369,ACT,0,552
3382,PRE,0
3394,ACT,0,552
3405,PRE,0
3407,ACT,0,558
3420,PRE,0
3432,ACT,0,58
3443,PRE,0
3445,ACT,0,26
3458,PRE,0
3470,ACT,0,26
3481,PRE,0
3483,ACT,0,24
3496,PRE,0
3508,ACT,0,24
3519,PRE,0
3521,ACT,0,152
3534,PRE,0
3546,ACT,0,152
3557,PRE,0
3559,ACT,0,408
3572,PRE,0
3584,ACT,0,346
3595,PRE,0
3597,ACT,0,26
3610,PRE,0
3622,ACT,0,26
3633,PRE,0
3635,ACT,0,24
3648,PRE,0
3660,ACT,0,24
3671,PRE,0
3673,ACT,0,25
3686,PRE,0
3698,ACT,0,25
3709,PRE,0
3711,ACT,0,153
3724,PRE,0
3736,ACT,0,153
3747,PRE,0
3749,ACT,0,409
3762,PRE,0
3774,ACT,0,156
3785,PRE,0
3787,ACT,0,28
3800,PRE,0
3812,ACT,0,28
3823,PRE,0
3825,ACT,0,24
3838,PRE,0
3850,ACT,0,24
3861,PRE,0
3863,ACT,0,536
3876,PRE,0
3888,ACT,0,536
3899,PRE,0
3901,ACT,0,664
3914,PRE,0
3926,ACT,0,664
3937,PRE,0
3939,ACT,0,665
3952,PRE,0
3964,ACT,0,152
3975,PRE,0
3977,ACT,0,24
3990,PRE,0
4002,ACT,0,24
4013,PRE,0
4015,ACT,0,536
4028,PRE,0
4040,ACT,0,536
4051,PRE,0
4053,ACT,0,568
4066,PRE,0
4078,ACT,0,568
4089,PRE,0
4091,ACT,0,824
4104,PRE,0
4116,ACT,0,36
4127,PRE,0
4129,ACT,0,28
4142,PRE,0
4154,ACT,0,28
4165,PRE,0
4167,ACT,0,24
4180,PRE,0
4192,ACT,0,24
4203,PRE,0
4205,ACT,0,152
4218,PRE,0
4230,ACT,0,152
4241,PRE,0
4243,ACT,0,408
4256,PRE,0
4268,ACT,0,52
4279,PRE,0
4281,ACT,0,28
4294,PRE,0
4306,ACT,0,28
4317,PRE,0
4319,ACT,0,24
4332,PRE,0
4344,ACT,0,24
4355,PRE,0
4357,ACT,0,25
4370,PRE,0
4382,ACT,0,25
4393,PRE,0
4395,ACT,0,153
4408,PRE,0
4420,ACT,0,153
4431,PRE,0
4433,ACT,0,409
4446,PRE,0
4458,ACT,0,220
4469,PRE,0
4471,ACT,0,28
4484,PRE,0
4496,ACT,0,28
4507,PRE,0
4509,ACT,0,24
4522,PRE,0
4534,ACT,0,24
4545,PRE,0
4547,ACT,0,536
4560,PRE,0
4572,ACT,0,536
4583,PRE,0
4585,ACT,0,664
4598,PRE,0
4610,ACT,0,664
4621,PRE,0
4623,ACT,0,665
4636,PRE,0
4648,ACT,0,152
4659,PRE,0
4661,ACT,0,24
4674,PRE,0
4686,ACT,0,24
4697,PRE,0
4699,ACT,0,536
4712,PRE,0
4724,ACT,0,536
4735,PRE,0
4737,ACT,0,568
4750,PRE,0
4762,ACT,0,568
4773,PRE,0
4775,ACT,0,760
4788,PRE,0
4800,ACT,0,476
4811,PRE,0
4813,ACT,0,28
4826,PRE,0
4838,ACT,0,28
4849,PRE,0
4851,ACT,0,24
4864,PRE,0
4876,ACT,0,24
4887,PRE,0
4889,ACT,0,152
4902,PRE,0
4914,ACT,0,152
4925,PRE,0
4927,ACT,0,408
4940,PRE,0
4952,ACT,0,158
4963,PRE,0
4965,ACT,0,30
4978,PRE,0
4990,ACT,0,30
5001,PRE,0
5003,ACT,0,24
5016,PRE,0
5028,ACT,0,24
5039,PRE,0
5041,ACT,0,25
5054,PRE,0
5066,ACT,0,25
5077,PRE,0
5079,ACT,0,153
5092,PRE,0
5104,ACT,0,153
5115,PRE,0
5117,ACT,0,409
5130,PRE,0
5142,ACT,0,46
5153,PRE,0
5155,ACT,0,30
5168,PRE,0
5180,ACT,0,30
5191,PRE,0
5193,ACT,0,24
5206,PRE,0
5218,ACT,0,24
5229,PRE,0
5231,ACT,0,536
5244,PRE,0
5256,ACT,0,536
5267,PRE,0
5269,ACT,0,664
5282,PRE,0
5294,ACT,0,664
5305,PRE,0
5307,ACT,0,665
5320,PRE,0
5332,ACT,0,152
5343,PRE,0
5345,ACT,0,24
5358,PRE,0
5370,ACT,0,24
5381,PRE,0
5383,ACT,0,536
5396,PRE,0
5408,ACT,0,536
5419,PRE,0
5421,ACT,0,568
5434,PRE,0
5446,ACT,0,568
5457,PRE,0
5459,ACT,0,570
5472,PRE,0
5484,ACT,0,62
5495,PRE,0
5497,ACT,0,30
5510,PRE,0
5522,ACT,0,30
5533,PRE,0
5535,ACT,0,24
5548,PRE,0
5560,ACT,0,24
5571,PRE,0
5573,ACT,0,152
5586,PRE,0
5598,ACT,0,152
5609,PRE,0
5611,ACT,0,408
5624,PRE,0
5636,ACT,0,478
5647,PRE,0
5649,ACT,0,30
5662,PRE,0
5674,ACT,0,30
5685,PRE,0
5687,ACT,0,24
5700,PRE,0
5712,ACT,0,24
5723,PRE,0
5725,ACT,0,25
5738,PRE,0
5750,ACT,0,25
5761,PRE,0
5763,ACT,0,153
5776,PRE,0
5788,ACT,0,153
5799,PRE,0
5801,ACT,0,409
5814,PRE,0
5826,ACT,0,416
5837,PRE,0
5839,ACT,0,32
5852,PRE,0
5864,ACT,0,32
5875,PRE,0
5877,ACT,0,24
5890,PRE,0
5902,ACT,0,24
5913,PRE,0
5915,ACT,0,536
5928,PRE,0
5940,ACT,0,536
5951,PRE,0
5953,ACT,0,664
5966,PRE,0
5978,ACT,0,664
5989,PRE,0
5991,ACT,0,665
6004,PRE,0
6016,ACT,0,152
6027,PRE,0
6029,ACT,0,24
6042,PRE,0
6054,ACT,0,24
6065,PRE,0
6067,ACT,0,536
6080,PRE,0
6092,ACT,0,536
6103,PRE,0
6105,ACT,0,568
6118,PRE,0
6130,ACT,0,568
6141,PRE,0
6143,ACT,0,572
6156,PRE,0
6168,ACT,0,352
6179,PRE,0
6181,ACT,0,32
6194,PRE,0
6206,ACT,0,32
6217,PRE,0
6219,ACT,0,24
6232,PRE,0
6244,ACT,0,24
6255,PRE,0
6257,ACT,0,152
6270,PRE,0
6282,ACT,0,152
6293,PRE,0
6295,ACT,0,408
6308,PRE,0
6320,ACT,0,424
6331,PRE,0
6333,ACT,0,40
6346,PRE,0
6358,ACT,0,40
6369,PRE,0
6371,ACT,0,24
6384,PRE,0
6396,ACT,0,24
6407,PRE,0
6409,ACT,0,25
6422,PRE,0
6434,ACT,0,25
6445,PRE,0
6447,ACT,0,153
6460,PRE,0
6472,ACT,0,153
6483,PRE,0
6485,ACT,0,409
6498,PRE,0
6510,ACT,0,360
6521,PRE,0
6523,ACT,0,40
6536,PRE,0
6548,ACT,0,40
6559,PRE,0
6561,ACT,0,24
6574,PRE,0
6586,ACT,0,24
6597,PRE,0
6599,ACT,0,536
6612,PRE,0
6624,ACT,0,536
6635,PRE,0
6637,ACT,0,664
6650,PRE,0
6662,ACT,0,664
6673,PRE,0
6675,ACT,0,665
6688,PRE,0
6700,ACT,0,152
6711,PRE,0
6713,ACT,0,24
6726,PRE,0
6738,ACT,0,24
6749,PRE,0
6751,ACT,0,536
6764,PRE,0
6776,ACT,0,536
6787,PRE,0
6789,ACT,0,568
6802,PRE,0
6814,ACT,0,568
6825,PRE,0
6827,ACT,0,574
6840,PRE,0
6852,ACT,0,432
6863,PRE,0
6865,ACT,0,48
6878,PRE,0
6890,ACT,0,48
6901,PRE,0
6903,ACT,0,24
6916,PRE,0
6928,ACT,0,24
6939,PRE,0
6941,ACT,0,152
6954,PRE,0
6966,ACT,0,152
6977,PRE,0
6979,ACT,0,408
6992,PRE,0
7004,ACT,0,240
7015,PRE,0
7017,ACT,0,48
7030,PRE,0
7042,ACT,0,48
7053,PRE,0
7055,ACT,0,24
7068,PRE,0
7080,ACT,0,24
7091,PRE,0
7093,ACT,0,25
7106,PRE,0
7118,ACT,0,25
7129,PRE,0
7131,ACT,0,153
7144,PRE,0
7156,ACT,0,153
7167,PRE,0
7169,ACT,0,409
7182,PRE,0
7194,ACT,0,440
7205,PRE,0
7207,ACT,0,56
7220,PRE,0
7232,ACT,0,56
7243,PRE,0
7245,ACT,0,24
7258,PRE,0
7270,ACT,0,24
7281,PRE,0
7283,ACT,0,536
7296,PRE,0
7308,ACT,0,536
7319,PRE,0
7321,ACT,0,664
7334,PRE,0
7346,ACT,0,664
7357,PRE,0
7359,ACT,0,665
7372,PRE,0
7384,ACT,0,152
7395,PRE,0
7397,ACT,0,24
7410,PRE,0
7422,ACT,0,24
7433,PRE,0
7435,ACT,0,536
7448,PRE,0
7460,ACT,0,536
7471,PRE,0
7473,ACT,0,728
7486,PRE,0
7498,ACT,0,728
7509,PRE,0
7511,ACT,0,720
7524,PRE,0
7536,ACT,0,504
7547,PRE,0
7549,ACT,0,56
7562,PRE,0
7574,ACT,0,56
7585,PRE,0
7587,ACT,0,24
7600,PRE,0
7612,ACT,0,24
7623,PRE,0
7625,ACT,0,152
7638,PRE,0
7650,ACT,0,152
7661,PRE,0
7663,ACT,0,408
7676,PRE,0
7688,ACT,0,129
7699,PRE,0
7701,ACT,0,1
7714,PRE,0
7726,ACT,0,1
7737,PRE,0
7739,ACT,0,25
7752,PRE,0
7764,ACT,0,25
7775,PRE,0
7777,ACT,0,153
7790,PRE,0
7802,ACT,0,153
7813,PRE,0
7815,ACT,0,409
7828,PRE,0
7840,ACT,0,3
7851,PRE,0
7853,ACT,0,1
7866,PRE,0
7878,ACT,0,1
7889,PRE,0
7891,ACT,0,25
7904,PRE,0
7916,ACT,0,25
7927,PRE,0
7929,ACT,0,24
7942,PRE,0
7954,ACT,0,24
7965,PRE,0
7967,ACT,0,536
7980,PRE,0
7992,ACT,0,536
8003,PRE,0
8005,ACT,0,664
8018,PRE,0
8030,ACT,0,664
8041,PRE,0
8043,ACT,0,665
8056,PRE,0
8068,ACT,0,152
8079,PRE,0
8081,ACT,0,24
8094,PRE,0
8106,ACT,0,24
8117,PRE,0
8119,ACT,0,536
8132,PRE,0
8144,ACT,0,536
8155,PRE,0
8157,ACT,0,728
8170,PRE,0
8182,ACT,0,728
8193,PRE,0
8195,ACT,0,752
8208,PRE,0
8220,ACT,0,5
8231,PRE,0
8233,ACT,0,1
8246,PRE,0
8258,ACT,0,1
8269,PRE,0
8271,ACT,0,25
8284,PRE,0
8296,ACT,0,25
8307,PRE,0
8309,ACT,0,24
8322,PRE,0
8334,ACT,0,24
8345,PRE,0
8347,ACT,0,152
8360,PRE,0
8372,ACT,0,152
8383,PRE,0
8385,ACT,0,408
8398,PRE,0
8410,ACT,0,7
8421,PRE,0
8423,ACT,0,1
8436,PRE,0
8448,ACT,0,1
8459,PRE,0
8461,ACT,0,25
8474,PRE,0
8486,ACT,0,25
8497,PRE,0
8499,ACT,0,153
8512,PRE,0
8524,ACT,0,153
8535,PRE,0
8537,ACT,0,409
8550,PRE,0
8562,ACT,0,321
8573,PRE,0
8575,ACT,0,1
8588,PRE,0
8600,ACT,0,1
8611,PRE,0
8613,ACT,0,25
8626,PRE,0
8638,ACT,0,25
8649,PRE,0
8651,ACT,0,24
8664,PRE,0
8676,ACT,0,24
8687,PRE,0
8689,ACT,0,536
8702,PRE,0
8714,ACT,0,536
8725,PRE,0
8727,ACT,0,664
8740,PRE,0
8752,ACT,0,664
8763,PRE,0
8765,ACT,0,665
8778,PRE,0
8790,ACT,0,152
8801,PRE,0
8803,ACT,0,24
8816,PRE,0
8828,ACT,0,24
8839,PRE,0
8841,ACT,0,536
8854,PRE,0
8866,ACT,0,536
8877,PRE,0
8879,ACT,0,728
8892,PRE,0
8904,ACT,0,728
8915,PRE,0
8917,ACT,0,730
8930,PRE,0
8942,ACT,0,11
8953,PRE,0
8955,ACT,0,9
8968,PRE,0
8980,ACT,0,9
8991,PRE,0
8993,ACT,0,25
9006,PRE,0
9018,ACT,0,25
9029,PRE,0
9031,ACT,0,24
9044,PRE,0
9056,ACT,0,24
9067,PRE,0
9069,ACT,0,152
9082,PRE,0
9094,ACT,0,152
9105,PRE,0
9107,ACT,0,408
9120,PRE,0
9132,ACT,0,521
9143,PRE,0
9145,ACT,0,9
9158,PRE,0
9170,ACT,0,9
9181,PRE,0
9183,ACT,0,25
9196,PRE,0
9208,ACT,0,25
9219,PRE,0
9221,ACT,0,153
9234,PRE,0
9246,ACT,0,153
9257,PRE,0
9259,ACT,0,409
9272,PRE,0
9284,ACT,0,401
9295,PRE,0
9297,ACT,0,17
9310,PRE,0
9322,ACT,0,17
9333,PRE,0
9335,ACT,0,25
9348,PRE,0
9360,ACT,0,25
9371,PRE,0
9373,ACT,0,24
9386,PRE,0
9398,ACT,0,24
9409,PRE,0
9411,ACT,0,536
9424,PRE,0
9436,ACT,0,536
9447,PRE,0
9449,ACT,0,664
9462,PRE,0
9474,ACT,0,664
9485,PRE,0
9487,ACT,0,665
9500,PRE,0
9512,ACT,0,152
9523,PRE,0
9525,ACT,0,24
9538,PRE,0
9550,ACT,0,24
9561,PRE,0
9563,ACT,0,536
9576,PRE,0
9588,ACT,0,536
9599,PRE,0
9601,ACT,0,728
9614,PRE,0
9626,ACT,0,728
9637,PRE,0
9639,ACT,0,732
9652,PRE,0
9664,ACT,0,19
9675,PRE,0
9677,ACT,0,17
9690,PRE,0
9702,ACT,0,17
9713,PRE,0
9715,ACT,0,25
9728,PRE,0
9740,ACT,0,25
9751,PRE,0
9753,ACT,0,24
9766,PRE,0
9778,ACT,0,24
9789,PRE,0
9791,ACT,0,152
9804,PRE,0
9816,ACT,0,152
9827,PRE,0
9829,ACT,0,408
9842,PRE,0
9854,ACT,0,273
9865,PRE,0
9867,ACT,0,17
9880,PRE,0
9892,ACT,0,17
9903,PRE,0
9905,ACT,0,25
9918,PRE,0
9930,ACT,0,25
9941,PRE,0
9943,ACT,0,153
9956,PRE,0
9968,ACT,0,153
9979,PRE,0
9981,ACT,0,409
9994,PRE,0
10006,ACT,0,465
10017,PRE,0
10019,ACT,0,17
10032,PRE,0
10044,ACT,0,17
10055,PRE,0
10057,ACT,0,25
10070,PRE,0
10082,ACT,0,25
10093,PRE,0
10095,ACT,0,24
10108,PRE,0
10120,ACT,0,24
10131,PRE,0
10133,ACT,0,536
10146,PRE,0
10158,ACT,0,536
10169,PRE,0
10171,ACT,0,664
10184,PRE,0
10196,ACT,0,664
10207,PRE,0
10209,ACT,0,665
10222,PRE,0
10234,ACT,0,152
10245,PRE,0
10247,ACT,0,24
10260,PRE,0
10272,ACT,0,24
10283,PRE,0
10285,ACT,0,536
10298,PRE,0
10310,ACT,0,536
10321,PRE,0
10323,ACT,0,728
10336,PRE,0
10348,ACT,0,728
10359,PRE,0
10361,ACT,0,734
10374,PRE,0
10386,ACT,0,337
10397,PRE,0
10399,ACT,0,17
10412,PRE,0
10424,ACT,0,17
10435,PRE,0
10437,ACT,0,25
10450,PRE,0
10462,ACT,0,25
10473,PRE,0
10475,ACT,0,24
10488,PRE,0
10500,ACT,0,24
10511,PRE,0
10513,ACT,0,152
10526,PRE,0
10538,ACT,0,152
10549,PRE,0
10551,ACT,0,408
10564,PRE,0
10576,ACT,0,283
10587,PRE,0
10589,ACT,0,281
10602,PRE,0
10614,ACT,0,281
10625,PRE,0
10627,ACT,0,25
10640,PRE,0
10652,ACT,0,25
10663,PRE,0
10665,ACT,0,153
10678,PRE,0
10690,ACT,0,153
10701,PRE,0
10703,ACT,0,409
10716,PRE,0
10728,ACT,0,287
10739,PRE,0
10741,ACT,0,281
10754,PRE,0
10766,ACT,0,281
10777,PRE,0
10779,ACT,0,25
10792,PRE,0
10804,ACT,0,25
10815,PRE,0
10817,ACT,0,24
10830,PRE,0
10842,ACT,0,24
10853,PRE,0
10855,ACT,0,536
10868,PRE,0
10880,ACT,0,536
10891,PRE,0
10893,ACT,0,664
10906,PRE,0
10918,ACT,0,664
10929,PRE,0
10931,ACT,0,665
10944,PRE,0
10956,ACT,0,152
10967,PRE,0
10969,ACT,0,24
10982,PRE,0
10994,ACT,0,24
11005,PRE,0
11007,ACT,0,536
11020,PRE,0
11032,ACT,0,536
11043,PRE,0
11045,ACT,0,528
11058,PRE,0
11070,ACT,0,528
11081,PRE,0
11083,ACT,0,784
11096,PRE,0
11108,ACT,0,297
11119,PRE,0
11121,ACT,0,281
11134,PRE,0
11146,ACT,0,281
11157,PRE,0
11159,ACT,0,25
11172,PRE,0
11184,ACT,0,25
11195,PRE,0
11197,ACT,0,24
11210,PRE,0
11222,ACT,0,24
11233,PRE,0
11235,ACT,0,152
11248,PRE,0
11260,ACT,0,152
11271,PRE,0
11273,ACT,0,408
11286,PRE,0
11298,ACT,0,313
11309,PRE,0
11311,ACT,0,281
11324,PRE,0
11336,ACT,0,281
11347,PRE,0
11349,ACT,0,25
11362,PRE,0
11374,ACT,0,25
11385,PRE,0
11387,ACT,0,153
11400,PRE,0
11412,ACT,0,153
11423,PRE,0
11425,ACT,0,409
11438,PRE,0
11450,ACT,0,539
11461,PRE,0
11463,ACT,0,537
11476,PRE,0
11488,ACT,0,537
11499,PRE,0
11501,ACT,0,25
11514,PRE,0
11526,ACT,0,25
11537,PRE,0
11539,ACT,0,24
11552,PRE,0
11564,ACT,0,24
11575,PRE,0
11577,ACT,0,536
11590,PRE,0
11602,ACT,0,536
11613,PRE,0
11615,ACT,0,664
11628,PRE,0
11640,ACT,0,664
11651,PRE,0
11653,ACT,0,665
11666,PRE,0
11678,ACT,0,152
11689,PRE,0
11691,ACT,0,24
11704,PRE,0
11716,ACT,0,24
11727,PRE,0
11729,ACT,0,536
11742,PRE,0
11754,ACT,0,536
11765,PRE,0
11767,ACT,0,528
11780,PRE,0
11792,ACT,0,528
11803,PRE,0
11805,ACT,0,530
11818,PRE,0
11830,ACT,0,543
11841,PRE,0
11843,ACT,0,537
11856,PRE,0
11868,ACT,0,537
11879,PRE,0
11881,ACT,0,25
11894,PRE,0
11906,ACT,0,25
11917,PRE,0
11919,ACT,0,24
11932,PRE,0
11944,ACT,0,24
11955,PRE,0
11957,ACT,0,152
11970,PRE,0
11982,ACT,0,152
11993,PRE,0
11995,ACT,0,408
12008,PRE,0
12020,ACT,0,553
12031,PRE,0
12033,ACT,0,537
12046,PRE,0
12058,ACT,0,537
12069,PRE,0
12071,ACT,0,25
12084,PRE,0
12096,ACT,0,25
12107,PRE,0
12109,ACT,0,153
12122,PRE,0
12134,ACT,0,153
12145,PRE,0
12147,ACT,0,409
12160,PRE,0
12172,ACT,0,569
12183,PRE,0
12185,ACT,0,537
12198,PRE,0
12210,ACT,0,537
12221,PRE,0
12223,ACT,0,25
12236,PRE,0
12248,ACT,0,25
12259,PRE,0
12261,ACT,0,24
12274,PRE,0
12286,ACT,0,24
12297,PRE,0
12299,ACT,0,536
12312,PRE,0
12324,ACT,0,536
12335,PRE,0
12337,ACT,0,664
12350,PRE,0
12362,ACT,0,664
12373,PRE,0
12375,ACT,0,665
12388,PRE,0
12400,ACT,0,152
12411,PRE,0
12413,ACT,0,24
12426,PRE,0
12438,ACT,0,24
12449,PRE,0
12451,ACT,0,536
12464,PRE,0
12476,ACT,0,536
12487,PRE,0
12489,ACT,0,528
12502,PRE,0
12514,ACT,0,528
12525,PRE,0
12527,ACT,0,532
12540,PRE,0
12552,ACT,0,411
12563,PRE,0
12565,ACT,0,27
12578,PRE,0
12590,ACT,0,27
12601,PRE,0
12603,ACT,0,25
12616,PRE,0
12628,ACT,0,25
12639,PRE,0
12641,ACT,0,24
12654,PRE,0
12666,ACT,0,24
12677,PRE,0
12679,ACT,0,152
12692,PRE,0
12704,ACT,0,152
12715,PRE,0
12717,ACT,0,408
12730,PRE,0
12742,ACT,0,43
12753,PRE,0
12755,ACT,0,27
12768,PRE,0
12780,ACT,0,27
12791,PRE,0
12793,ACT,0,25
12806,PRE,0
12818,ACT,0,25
12829,PRE,0
12831,ACT,0,153
12844,PRE,0
12856,ACT,0,153
12867,PRE,0
12869,ACT,0,409
12882,PRE,0
12894,ACT,0,59
12905,PRE,0
12907,ACT,0,27
12920,PRE,0
12932,ACT,0,27
12943,PRE,0
12945,ACT,0,25
12958,PRE,0
12970,ACT,0,25
12981,PRE,0
12983,ACT,0,24
12996,PRE,0
13008,ACT,0,24
13019,PRE,0
13021,ACT,0,536
13034,PRE,0
13046,ACT,0,536
13057,PRE,0
13059,ACT,0,664
13072,PRE,0
13084,ACT,0,664
13095,PRE,0
13097,ACT,0,665
13110,PRE,0
13122,ACT,0,152
13133,PRE,0
13135,ACT,0,24
13148,PRE,0
13160,ACT,0,24
13171,PRE,0
13173,ACT,0,536
13186,PRE,0
13198,ACT,0,536
13209,PRE,0
13211,ACT,0,528
13224,PRE,0
13236,ACT,0,528
13247,PRE,0
13249,ACT,0,534
13262,PRE,0
13274,ACT,0,347
13285,PRE,0
13287,ACT,0,27
13300,PRE,0
13312,ACT,0,27
13323,PRE,0
13325,ACT,0,25
13338,PRE,0
13350,ACT,0,25
13361,PRE,0
13363,ACT,0,24
13376,PRE,0
13388,ACT,0,24
13399,PRE,0
13401,ACT,0,152
13414,PRE,0
13426,ACT,0,152
13437,PRE,0
13439,ACT,0,408
13452,PRE,0
13464,ACT,0,157
13475,PRE,0
13477,ACT,0,29
13490,PRE,0
13502,ACT,0,29
13513,PRE,0
13515,ACT,0,25
13528,PRE,0
13540,ACT,0,25
13551,PRE,0
13553,ACT,0,153
13566,PRE,0
13578,ACT,0,153
13589,PRE,0
13591,ACT,0,409
13604,PRE,0
13616,ACT,0,37
13627,PRE,0
13629,ACT,0,29
13642,PRE,0
13654,ACT,0,29
13665,PRE,0
13667,ACT,0,25
13680,PRE,0
13692,ACT,0,25
13703,PRE,0
13705,ACT,0,24
13718,PRE,0
13730,ACT,0,24
13741,PRE,0
13743,ACT,0,536
13756,PRE,0
13768,ACT,0,536
13779,PRE,0
13781,ACT,0,664
13794,PRE,0
13806,ACT,0,664
13817,PRE,0
13819,ACT,0,665
13832,PRE,0
13844,ACT,0,152
13855,PRE,0
13857,ACT,0,24
13870,PRE,0
13882,ACT,0,24
13893,PRE,0
13895,ACT,0,536
13908,PRE,0
13920,ACT,0,536
13931,PRE,0
13933,ACT,0,560
13946,PRE,0
13958,ACT,0,560
13969,PRE,0
13971,ACT,0,816
13984,PRE,0
13996,ACT,0,53
14007,PRE,0
14009,ACT,0,29
14022,PRE,0
14034,ACT,0,29
14045,PRE,0
14047,ACT,0,25
14060,PRE,0
14072,ACT,0,25
14083,PRE,0
14085,ACT,0,24
14098,PRE,0
14110,ACT,0,24
14121,PRE,0
14123,ACT,0,152
14136,PRE,0
14148,ACT,0,152
14159,PRE,0
14161,ACT,0,408
14174,PRE,0
14186,ACT,0,477
14197,PRE,0
14199,ACT,0,29
14212,PRE,0
14224,ACT,0,29
14235,PRE,0
14237,ACT,0,25
14250,PRE,0
14262,ACT,0,25
14273,PRE,0
14275,ACT,0,153
14288,PRE,0
14300,ACT,0,153
14311,PRE,0
14313,ACT,0,409
14326,PRE,0
14338,ACT,0,221
14349,PRE,0
14351,ACT,0,29
14364,PRE,0
14376,ACT,0,29
14387,PRE,0
14389,ACT,0,25
14402,PRE,0
14414,ACT,0,25
14425,PRE,0
14427,ACT,0,24
14440,PRE,0
14452,ACT,0,24
14463,PRE,0
14465,ACT,0,536
14478,PRE,0
14490,ACT,0,536
14501,PRE,0
14503,ACT,0,664
14516,PRE,0
14528,ACT,0,664
14539,PRE,0
14541,ACT,0,665
14554,PRE,0
14566,ACT,0,152
14577,PRE,0
14579,ACT,0,24
14592,PRE,0
14604,ACT,0,24
14615,PRE,0
14617,ACT,0,536
14630,PRE,0
14642,ACT,0,536
14653,PRE,0
14655,ACT,0,560
14668,PRE,0
14680,ACT,0,560
14691,PRE,0
14693,ACT,0,562
14706,PRE,0
14718,ACT,0,415
14729,PRE,0
14731,ACT,0,31
14744,PRE,0
14756,ACT,0,31
14767,PRE,0
14769,ACT,0,25
14782,PRE,0
14794,ACT,0,25
14805,PRE,0
14807,ACT,0,24
14820,PRE,0
14832,ACT,0,24
14843,PRE,0
14845,ACT,0,152
14858,PRE,0
14870,ACT,0,152
14881,PRE,0
14883,ACT,0,408
14896,PRE,0
14908,ACT,0,47
14919,PRE,0
14921,ACT,0,31
14934,PRE,0
14946,ACT,0,31
14957,PRE,0
14959,ACT,0,25
14972,PRE,0
14984,ACT,0,25
14995,PRE,0
14997,ACT,0,153
15010,PRE,0
15022,ACT,0,153
15033,PRE,0
15035,ACT,0,409
15048,PRE,0
15060,ACT,0,63
15071,PRE,0
15073,ACT,0,31
15086,PRE,0
15098,ACT,0,31
15109,PRE,0
15111,ACT,0,25
15124,PRE,0
15136,ACT,0,25
15147,PRE,0
15149,ACT,0,24
15162,PRE,0
15174,ACT,0,24
15185,PRE,0
15187,ACT,0,536
15200,PRE,0
15212,ACT,0,536
15223,PRE,0
15225,ACT,0,664
15238,PRE,0
15250,ACT,0,664
15261,PRE,0
15263,ACT,0,665
15276,PRE,0
15288,ACT,0,152
15299,PRE,0
15301,ACT,0,24
15314,PRE,0
15326,ACT,0,24
15337,PRE,0
15339,ACT,0,536
15352,PRE,0
15364,ACT,0,536
15375,PRE,0
15377,ACT,0,560
15390,PRE,0
15402,ACT,0,560
15413,PRE,0
15415,ACT,0,564
15428,PRE,0
15440,ACT,0,351
15451,PRE,0
15453,ACT,0,31
15466,PRE,0
15478,ACT,0,31
15489,PRE,0
15491,ACT,0,25
15504,PRE,0
15516,ACT,0,25
15527,PRE,0
15529,ACT,0,24
15542,PRE,0
15554,ACT,0,24
15565,PRE,0
15567,ACT,0,152
15580,PRE,0
15592,ACT,0,152
15603,PRE,0
15605,ACT,0,408
15618,PRE,0
15630,ACT,0,417
15641,PRE,0
15643,ACT,0,33
15656,PRE,0
15668,ACT,0,33
15679,PRE,0
15681,ACT,0,25
15694,PRE,0
15706,ACT,0,25
15717,PRE,0
15719,ACT,0,153
15732,PRE,0
15744,ACT,0,153
15755,PRE,0
15757,ACT,0,409
15770,PRE,0
15782,ACT,0,353
15793,PRE,0
15795,ACT,0,33
15808,PRE,0
15820,ACT,0,33
15831,PRE,0
15833,ACT,0,25
15846,PRE,0
15858,ACT,0,25
15869,PRE,0
15871,ACT,0,24
15884,PRE,0
15896,ACT,0,24
15907,PRE,0
15909,ACT,0,536
15922,PRE,0
15934,ACT,0,536
15945,PRE,0
15947,ACT,0,664
15960,PRE,0
15972,ACT,0,664
15983,PRE,0
15985,ACT,0,665
15998,PRE,0
16010,ACT,0,152
16021,PRE,0
16023,ACT,0,24
16036,PRE,0
16048,ACT,0,24
16059,PRE,0
16061,ACT,0,536
16074,PRE,0
16086,ACT,0,536
16097,PRE,0
16099,ACT,0,560
16112,PRE,0
16124,ACT,0,560
16135,PRE,0
16137,ACT,0,566
16150,PRE,0
16162,ACT,0,425
16173,PRE,0
16175,ACT,0,41
16188,PRE,0
16200,ACT,0,41
16211,PRE,0
16213,ACT,0,25
16226,PRE,0
16238,ACT,0,25
16249,PRE,0
16251,ACT,0,24
16264,PRE,0
16276,ACT,0,24
16287,PRE,0
16289,ACT,0,152
16302,PRE,0
16314,ACT,0,152
16325,PRE,0
16327,ACT,0,408
16340,PRE,0
16352,ACT,0,489
16363,PRE,0
16365,ACT,0,41
16378,PRE,0
16390,ACT,0,41
16401,PRE,0
16403,ACT,0,25
16416,PRE,0
16428,ACT,0,25
16439,PRE,0
16441,ACT,0,153
16454,PRE,0
16466,ACT,0,153
16477,PRE,0
16479,ACT,0,409
16492,PRE,0
16504,ACT,0,433
16515,PRE,0
16517,ACT,0,49
16530,PRE,0
16542,ACT,0,49
16553,PRE,0
16555,ACT,0,25
16568,PRE,0
16580,ACT,0,25
16591,PRE,0
16593,ACT,0,24
16606,PRE,0
16618,ACT,0,24
16629,PRE,0
16631,ACT,0,536
16644,PRE,0
16656,ACT,0,536
16667,PRE,0
16669,ACT,0,664
16682,PRE,0
16694,ACT,0,664
16705,PRE,0
16707,ACT,0,665
16720,PRE,0
16732,ACT,0,152
16743,PRE,0
16745,ACT,0,24
16758,PRE,0
16770,ACT,0,24
16781,PRE,0
16783,ACT,0,536
16796,PRE,0
16808,ACT,0,536
16819,PRE,0
16821,ACT,0,792
16834,PRE,0
16846,ACT,0,792
16857,PRE,0
16859,ACT,0,794
16872,PRE,0
16884,ACT,0,241
16895,PRE,0
16897,ACT,0,49
16910,PRE,0
16922,ACT,0,49
16933,PRE,0
16935,ACT,0,25
16948,PRE,0
16960,ACT,0,25
16971,PRE,0
16973,ACT,0,24
16986,PRE,0
16998,ACT,0,24
17009,PRE,0
17011,ACT,0,152
17024,PRE,0
17036,ACT,0,152
17047,PRE,0
17049,ACT,0,408
17062,PRE,0
17074,ACT,0,441
17085,PRE,0
17087,ACT,0,57
17100,PRE,0
17112,ACT,0,57
17123,PRE,0
17125,ACT,0,25
17138,PRE,0
17150,ACT,0,25
17161,PRE,0
17163,ACT,0,153
17176,PRE,0
17188,ACT,0,153
17199,PRE,0
17201,ACT,0,409
17214,PRE,0
17226,ACT,0,377
17237,PRE,0
17239,ACT,0,57
17252,PRE,0
17264,ACT,0,57
17275,PRE,0
17277,ACT,0,25
17290,PRE,0
17302,ACT,0,25
17313,PRE,0
17315,ACT,0,24
17328,PRE,0
17340,ACT,0,24
17351,PRE,0
17353,ACT,0,536
17366,PRE,0
17378,ACT,0,536
17389,PRE,0
17391,ACT,0,664
17404,PRE,0
17416,ACT,0,664
17427,PRE,0
17429,ACT,0,665
17442,PRE,0
17454,ACT,0,152
17465,PRE,0
17467,ACT,0,24
17480,PRE,0
17492,ACT,0,24
17503,PRE,0
17505,ACT,0,536
17518,PRE,0
17530,ACT,0,536
17541,PRE,0
17543,ACT,0,792
17556,PRE,0
17568,ACT,0,792
17579,PRE,0
17581,ACT,0,796
17594,PRE,0
17606,ACT,0,704
17617,PRE,0
17619,ACT,0,512
17632,PRE,0
17644,ACT,0,512
17655,PRE,0
17657,ACT,0,536
17670,PRE,0
17682,ACT,0,536
17693,PRE,0
17695,ACT,0,24
17708,PRE,0
17720,ACT,0,24
17731,PRE,0
17733,ACT,0,152
17746,PRE,0
17758,ACT,0,152
17769,PRE,0
17771,ACT,0,408
17784,PRE,0
17796,ACT,0,514
17807,PRE,0
17809,ACT,0,512
17822,PRE,0
17834,ACT,0,512
17845,PRE,0
17847,ACT,0,536
17860,PRE,0
17872,ACT,0,536
17883,PRE,0
17885,ACT,0,24
17898,PRE,0
17910,ACT,0,24
17921,PRE,0
17923,ACT,0,25
17936,PRE,0
17948,ACT,0,25
17959,PRE,0
17961,ACT,0,153
17974,PRE,0
17986,ACT,0,153
17997,PRE,0
17999,ACT,0,409
18012,PRE,0
18024,ACT,0,518
18035,PRE,0
18037,ACT,0,512
18050,PRE,0
18062,ACT,0,512
18073,PRE,0
18075,ACT,0,536
18088,PRE,0
18100,ACT,0,536
18111,PRE,0
18113,ACT,0,664
18126,PRE,0
18138,ACT,0,664
18149,PRE,0
18151,ACT,0,665
18164,PRE,0
18176,ACT,0,152
18187,PRE,0
18189,ACT,0,24
18202,PRE,0
18214,ACT,0,24
18225,PRE,0
18227,ACT,0,536
18240,PRE,0
18252,ACT,0,536
18263,PRE,0
18265,ACT,0,792
18278,PRE,0
18290,ACT,0,792
18301,PRE,0
18303,ACT,0,798
18316,PRE,0
18328,ACT,0,800
18339,PRE,0
18341,ACT,0,544
18354,PRE,0
18366,ACT,0,544
18377,PRE,0
18379,ACT,0,536
18392,PRE,0
18404,ACT,0,536
18415,PRE,0
18417,ACT,0,24
18430,PRE,0
18442,ACT,0,24
18453,PRE,0
18455,ACT,0,152
18468,PRE,0
18480,ACT,0,152
18491,PRE,0
18493,ACT,0,408
18506,PRE,0
18518,ACT,0,548
18529,PRE,0
18531,ACT,0,544
18544,PRE,0
18556,ACT,0,544
18567,PRE,0
18569,ACT,0,536
18582,PRE,0
18594,ACT,0,536
18605,PRE,0
18607,ACT,0,24
18620,PRE,0
18632,ACT,0,24
18643,PRE,0
18645,ACT,0,25
18658,PRE,0
18670,ACT,0,25
18681,PRE,0
18683,ACT,0,153
18696,PRE,0
18708,ACT,0,153
18719,PRE,0
18721,ACT,0,409
18734,PRE,0
18746,ACT,0,522
18757,PRE,0
18759,ACT,0,520
18772,PRE,0
18784,ACT,0,520
18795,PRE,0
18797,ACT,0,536
18810,PRE,0
18822,ACT,0,536
18833,PRE,0
18835,ACT,0,664
18848,PRE,0
18860,ACT,0,664
18871,PRE,0
18873,ACT,0,665
18886,PRE,0
18898,ACT,0,152
18909,PRE,0
18911,ACT,0,24
18924,PRE,0
18936,ACT,0,24
18947,PRE,0
18949,ACT,0,536
18962,PRE,0
18974,ACT,0,536
18985,PRE,0
18987,ACT,0,538
19000,PRE,0
19012,ACT,0,538
19023,PRE,0
19025,ACT,0,666
19038,PRE,0
19050,ACT,0,744
19061,PRE,0
19063,ACT,0,552
19076,PRE,0
19088,ACT,0,552
19099,PRE,0
19101,ACT,0,536
19114,PRE,0
19126,ACT,0,536
19137,PRE,0
19139,ACT,0,24
19152,PRE,0
19164,ACT,0,24
19175,PRE,0
19177,ACT,0,152
19190,PRE,0
19202,ACT,0,152
19213,PRE,0
19215,ACT,0,408
19228,PRE,0
19240,ACT,0,808
19251,PRE,0
19253,ACT,0,552
19266,PRE,0
19278,ACT,0,552
19289,PRE,0
19291,ACT,0,536
19304,PRE,0
19316,ACT,0,536
19327,PRE,0
19329,ACT,0,24
19342,PRE,0
19354,ACT,0,24
19365,PRE,0
19367,ACT,0,25
19380,PRE,0
19392,ACT,0,25
19403,PRE,0
19405,ACT,0,153
19418,PRE,0
19430,ACT,0,153
19441,PRE,0
19443,ACT,0,409
19456,PRE,0
19468,ACT,0,554
19479,PRE,0
19481,ACT,0,552
19494,PRE,0
19506,ACT,0,552
19517,PRE,0
19519,ACT,0,536
19532,PRE,0
19544,ACT,0,536
19555,PRE,0
19557,ACT,0,664
19570,PRE,0
19582,ACT,0,664
19593,PRE,0
19595,ACT,0,665
19608,PRE,0
19620,ACT,0,152
19631,PRE,0
19633,ACT,0,24
19646,PRE,0
19658,ACT,0,24
19669,PRE,0
19671,ACT,0,536
19684,PRE,0
19696,ACT,0,536
19707,PRE,0
19709,ACT,0,552
19722,PRE,0
19734,ACT,0,552
19745,PRE,0
19747,ACT,0,744
19760,PRE,0
19772,ACT,0,556
19783,PRE,0
19785,ACT,0,552
19798,PRE,0
19810,ACT,0,552
19821,PRE,0
19823,ACT,0,536
19836,PRE,0
19848,ACT,0,536
19859,PRE,0
19861,ACT,0,24
19874,PRE,0
19886,ACT,0,24
19897,PRE,0
19899,ACT,0,152
19912,PRE,0
19924,ACT,0,152
19935,PRE,0
19937,ACT,0,408
19950,PRE,0
19962,ACT,0,558
19973,PRE,0
19975,ACT,0,552
19988,PRE,0
20000,ACT,0,552
20011,PRE,0
20013,ACT,0,536
20026,PRE,0
20038,ACT,0,536
20049,PRE,0
20051,ACT,0,24
20064,PRE,0
20076,ACT,0,24
20087,PRE,0
20089,ACT,0,25
20102,PRE,0
20114,ACT,0,25
20125,PRE,0
20127,ACT,0,153
20140,PRE,0
20152,ACT,0,153
20163,PRE,0
20165,ACT,0,409
20178,PRE,0
20190,ACT,0,824
20201,PRE,0
20203,ACT,0,568
20216,PRE,0
20228,ACT,0,568
20239,PRE,0
20241,ACT,0,536
20254,PRE,0
20266,ACT,0,536
20277,PRE,0
20279,ACT,0,664
20292,PRE,0
20304,ACT,0,664
20315,PRE,0
20317,ACT,0,665
20330,PRE,0
20342,ACT,0,152
20353,PRE,0
20355,ACT,0,24
20368,PRE,0
20380,ACT,0,24
20391,PRE,0
20393,ACT,0,536
20406,PRE,0
20418,ACT,0,536
20429,PRE,0
20431,ACT,0,552
20444,PRE,0
20456,ACT,0,552
20467,PRE,0
20469,ACT,0,808
20482,PRE,0
20494,ACT,0,760
20505,PRE,0
20507,ACT,0,568
20520,PRE,0
20532,ACT,0,568
20543,PRE,0
20545,ACT,0,536
20558,PRE,0
20570,ACT,0,536
20581,PRE,0
20583,ACT,0,24
20596,PRE,0
20608,ACT,0,24
20619,PRE,0
20621,ACT,0,152
20634,PRE,0
20646,ACT,0,152
20657,PRE,0
20659,ACT,0,408
20672,PRE,0
20684,ACT,0,570
20695,PRE,0
20697,ACT,0,568
20710,PRE,0
20722,ACT,0,568
20733,PRE,0
20735,ACT,0,536
20748,PRE,0
20760,ACT,0,536
20771,PRE,0
20773,ACT,0,24
20786,PRE,0
20798,ACT,0,24
20809,PRE,0
20811,ACT,0,25
20824,PRE,0
20836,ACT,0,25
20847,PRE,0
20849,ACT,0,153
20862,PRE,0
20874,ACT,0,153
20885,PRE,0
20887,ACT,0,409
20900,PRE,0
20912,ACT,0,572
20923,PRE,0
20925,ACT,0,568
20938,PRE,0
20950,ACT,0,568
20961,PRE,0
20963,ACT,0,536
20976,PRE,0
20988,ACT,0,536
20999,PRE,0
21001,ACT,0,664
21014,PRE,0
21026,ACT,0,664
21037,PRE,0
21039,ACT,0,665
21052,PRE,0
21064,ACT,0,152
21075,PRE,0
21077,ACT,0,24
21090,PRE,0
21102,ACT,0,24
21113,PRE,0
21115,ACT,0,536
21128,PRE,0
21140,ACT,0,536
21151,PRE,0
21153,ACT,0,552
21166,PRE,0
21178,ACT,0,552
21189,PRE,0
21191,ACT,0,554
21204,PRE,0
21216,ACT,0,574
21227,PRE,0
21229,ACT,0,568
21242,PRE,0
21254,ACT,0,568
21265,PRE,0
21267,ACT,0,536
21280,PRE,0
21292,ACT,0,536
21303,PRE,0
21305,ACT,0,24
21318,PRE,0
21330,ACT,0,24
21341,PRE,0
21343,ACT,0,152
21356,PRE,0
21368,ACT,0,152
21379,PRE,0
21381,ACT,0,408
21394,PRE,0
21406,ACT,0,720
21417,PRE,0
21419,ACT,0,728
21432,PRE,0
21444,ACT,0,728
21455,PRE,0
21457,ACT,0,536
21470,PRE,0
21482,ACT,0,536
21493,PRE,0
21495,ACT,0,24
21508,PRE,0
21520,ACT,0,24
21531,PRE,0
21533,ACT,0,25
21546,PRE,0
21558,ACT,0,25
21569,PRE,0
21571,ACT,0,153
21584,PRE,0
21596,ACT,0,153
21607,PRE,0
21609,ACT,0,409
21622,PRE,0
21634,ACT,0,752
21645,PRE,0
21647,ACT,0,728
21660,PRE,0
21672,ACT,0,728
21683,PRE,0
21685,ACT,0,536
21698,PRE,0
21710,ACT,0,536
21721,PRE,0
21723,ACT,0,664
21736,PRE,0
21748,ACT,0,664
21759,PRE,0
21761,ACT,0,665
21774,PRE,0
21786,ACT,0,152
21797,PRE,0
21799,ACT,0,24
21812,PRE,0
21824,ACT,0,24
21835,PRE,0
21837,ACT,0,536
21850,PRE,0
21862,ACT,0,536
21873,PRE,0
21875,ACT,0,552
21888,PRE,0
21900,ACT,0,552
21911,PRE,0
21913,ACT,0,556
21926,PRE,0
21938,ACT,0,730
21949,PRE,0
21951,ACT,0,728
21964,PRE,0
21976,ACT,0,728
21987,PRE,0
21989,ACT,0,536
22002,PRE,0
22014,ACT,0,536
22025,PRE,0
22027,ACT,0,24
22040,PRE,0
22052,ACT,0,24
22063,PRE,0
22065,ACT,0,152
22078,PRE,0
22090,ACT,0,152
22101,PRE,0
22103,ACT,0,408
22116,PRE,0
22128,ACT,0,732
22139,PRE,0
22141,ACT,0,728
22154,PRE,0
22166,ACT,0,728
22177,PRE,0
22179,ACT,0,536
22192,PRE,0
22204,ACT,0,536
22215,PRE,0
22217,ACT,0,24
22230,PRE,0
22242,ACT,0,24
22253,PRE,0
22255,ACT,0,25
22268,PRE,0
22280,ACT,0,25
22291,PRE,0
22293,ACT,0,153
22306,PRE,0
22318,ACT,0,153
22329,PRE,0
22331,ACT,0,409
22344,PRE,0
22356,ACT,0,734
22367,PRE,0
22369,ACT,0,728
22382,PRE,0
22394,ACT,0,728
22405,PRE,0
22407,ACT,0,536
22420,PRE,0
22432,ACT,0,536
22443,PRE,0
22445,ACT,0,664
22458,PRE,0
22470,ACT,0,664
22481,PRE,0
22483,ACT,0,665
22496,PRE,0
22508,ACT,0,152
22519,PRE,0
22521,ACT,0,24
22534,PRE,0
22546,ACT,0,24
22557,PRE,0
22559,ACT,0,536
22572,PRE,0
22584,ACT,0,536
22595,PRE,0
22597,ACT,0,552
22610,PRE,0
22622,ACT,0,552
22633,PRE,0
22635,ACT,0,558
22648,PRE,0
22660,ACT,0,784
22671,PRE,0
22673,ACT,0,528
22686,PRE,0
22698,ACT,0,528
22709,PRE,0
22711,ACT,0,536
22724,PRE,0
22736,ACT,0,536
22747,PRE,0
22749,ACT,0,24
22762,PRE,0
22774,ACT,0,24
22785,PRE,0
22787,ACT,0,152
22800,PRE,0
22812,ACT,0,152
22823,PRE,0
22825,ACT,0,408
22838,PRE,0
22850,ACT,0,530
22861,PRE,0
22863,ACT,0,528
22876,PRE,0
22888,ACT,0,528
22899,PRE,0
22901,ACT,0,536
22914,PRE,0
22926,ACT,0,536
22937,PRE,0
22939,ACT,0,24
22952,PRE,0
22964,ACT,0,24
22975,PRE,0
22977,ACT,0,25
22990,PRE,0
23002,ACT,0,25
23013,PRE,0
23015,ACT,0,153
23028,PRE,0
23040,ACT,0,153
23051,PRE,0
23053,ACT,0,409
23066,PRE,0
23078,ACT,0,532
23089,PRE,0
23091,ACT,0,528
23104,PRE,0
23116,ACT,0,528
23127,PRE,0
23129,ACT,0,536
23142,PRE,0
23154,ACT,0,536
23165,PRE,0
23167,ACT,0,664
23180,PRE,0
23192,ACT,0,664
23203,PRE,0
23205,ACT,0,665
23218,PRE,0
23230,ACT,0,152
23241,PRE,0
23243,ACT,0,24
23256,PRE,0
23268,ACT,0,24
23279,PRE,0
23281,ACT,0,536
23294,PRE,0
23306,ACT,0,536
23317,PRE,0
23319,ACT,0,568
23332,PRE,0
23344,ACT,0,568
23355,PRE,0
23357,ACT,0,824
23370,PRE,0
23382,ACT,0,534
23393,PRE,0
23395,ACT,0,528
23408,PRE,0
23420,ACT,0,528
23431,PRE,0
23433,ACT,0,536
23446,PRE,0
23458,ACT,0,536
23469,PRE,0
23471,ACT,0,24
23484,PRE,0
23496,ACT,0,24
23507,PRE,0
23509,ACT,0,152
23522,PRE,0
23534,ACT,0,152
23545,PRE,0
23547,ACT,0,408
23560,PRE,0
23572,ACT,0,816
23583,PRE,0
23585,ACT,0,560
23598,PRE,0
23610,ACT,0,560
23621,PRE,0
23623,ACT,0,536
23636,PRE,0
23648,ACT,0,536
23659,PRE,0
23661,ACT,0,24
23674,PRE,0
23686,ACT,0,24
23697,PRE,0
23699,ACT,0,25
23712,PRE,0
23724,ACT,0,25
23735,PRE,0
23737,ACT,0,153
23750,PRE,0
23762,ACT,0,153
23773,PRE,0
23775,ACT,0,409
23788,PRE,0
23800,ACT,0,562
23811,PRE,0
23813,ACT,0,560
23826,PRE,0
23838,ACT,0,560
23849,PRE,0
23851,ACT,0,536
23864,PRE,0
23876,ACT,0,536
23887,PRE,0
23889,ACT,0,664
23902,PRE,0
23914,ACT,0,664
23925,PRE,0
23927,ACT,0,665
23940,PRE,0
23952,ACT,0,152
23963,PRE,0
23965,ACT,0,24
23978,PRE,0
23990,ACT,0,24
24001,PRE,0
24003,ACT,0,536
24016,PRE,0
24028,ACT,0,536
24039,PRE,0
24041,ACT,0,568
24054,PRE,0
24066,ACT,0,568
24077,PRE,0
24079,ACT,0,760
24092,PRE,0
24104,ACT,0,564
24115,PRE,0
24117,ACT,0,560
24130,PRE,0
24142,ACT,0,560
24153,PRE,0
24155,ACT,0,536
24168,PRE,0
24180,ACT,0,536
24191,PRE,0
24193,ACT,0,24
24206,PRE,0
24218,ACT,0,24
24229,PRE,0
24231,ACT,0,152
24244,PRE,0
24256,ACT,0,152
24267,PRE,0
24269,ACT,0,408
24282,PRE,0
24294,ACT,0,566
24305,PRE,0
24307,ACT,0,560
24320,PRE,0
24332,ACT,0,560
24343,PRE,0
24345,ACT,0,536
24358,PRE,0
24370,ACT,0,536
24381,PRE,0
24383,ACT,0,24
24396,PRE,0
24408,ACT,0,24
24419,PRE,0
24421,ACT,0,25
24434,PRE,0
24446,ACT,0,25
24457,PRE,0
24459,ACT,0,153
24472,PRE,0
24484,ACT,0,153
24495,PRE,0
24497,ACT,0,409
24510,PRE,0
24522,ACT,0,794
24533,PRE,0
24535,ACT,0,792
24548,PRE,0
24560,ACT,0,792
24571,PRE,0
24573,ACT,0,536
24586,PRE,0
24598,ACT,0,536
24609,PRE,0
24611,ACT,0,664
24624,PRE,0
24636,ACT,0,664
24647,PRE,0
24649,ACT,0,665
24662,PRE,0
24674,ACT,0,152
24685,PRE,0
24687,ACT,0,24
24700,PRE,0
24712,ACT,0,24
24723,PRE,0
24725,ACT,0,536
24738,PRE,0
24750,ACT,0,536
24761,PRE,0
24763,ACT,0,568
24776,PRE,0
24788,ACT,0,568
24799,PRE,0
24801,ACT,0,570
24814,PRE,0
24826,ACT,0,796
24837,PRE,0
24839,ACT,0,792
24852,PRE,0
24864,ACT,0,792
24875,PRE,0
24877,ACT,0,536
24890,PRE,0
24902,ACT,0,536
24913,PRE,0
24915,ACT,0,24
24928,PRE,0
24940,ACT,0,24
24951,PRE,0
24953,ACT,0,152
24966,PRE,0
24978,ACT,0,152
24989,PRE,0
24991,ACT,0,408
25004,PRE,0
25016,ACT,0,798
25027,PRE,0
25029,ACT,0,792
25042,PRE,0
25054,ACT,0,792
25065,PRE,0
25067,ACT,0,536
25080,PRE,0
25092,ACT,0,536
25103,PRE,0
25105,ACT,0,24
25118,PRE,0
25130,ACT,0,24
25141,PRE,0
25143,ACT,0,25
25156,PRE,0
25168,ACT,0,25
25179,PRE,0
25181,ACT,0,153
25194,PRE,0
25206,ACT,0,153
25217,PRE,0
25219,ACT,0,409
25232,PRE,0
25244,ACT,0,666
25255,PRE,0
25257,ACT,0,538
25270,PRE,0
25282,ACT,0,538
25293,PRE,0
25295,ACT,0,536
25308,PRE,0
25320,ACT,0,536
25331,PRE,0
25333,ACT,0,664
25346,PRE,0
25358,ACT,0,664
25369,PRE,0
25371,ACT,0,665
25384,PRE,0
25396,ACT,0,152
25407,PRE,0
25409,ACT,0,24
25422,PRE,0
25434,ACT,0,24
25445,PRE,0
25447,ACT,0,536
25460,PRE,0
25472,ACT,0,536
25483,PRE,0
25485,ACT,0,568
25498,PRE,0
25510,ACT,0,568
25521,PRE,0
25523,ACT,0,572
25536,PRE,0
25548,ACT,0,744
25559,PRE,0
25561,ACT,0,552
25574,PRE,0
25586,ACT,0,552
25597,PRE,0
25599,ACT,0,536
25612,PRE,0
25624,ACT,0,536
25635,PRE,0
25637,ACT,0,24
25650,PRE,0
25662,ACT,0,24
25673,PRE,0
25675,ACT,0,152
25688,PRE,0
25700,ACT,0,152
25711,PRE,0
25713,ACT,0,408
25726,PRE,0
25738,ACT,0,808
25749,PRE,0
25751,ACT,0,552
25764,PRE,0
25776,ACT,0,552
25787,PRE,0
25789,ACT,0,536
25802,PRE,0
25814,ACT,0,536
25825,PRE,0
25827,ACT,0,24
25840,PRE,0
25852,ACT,0,24
25863,PRE,0
25865,ACT,0,25
25878,PRE,0
25890,ACT,0,25
25901,PRE,0
25903,ACT,0,153
25916,PRE,0
25928,ACT,0,153
25939,PRE,0
25941,ACT,0,409
25954,PRE,0
25966,ACT,0,554
25977,PRE,0
25979,ACT,0,552
25992,PRE,0
26004,ACT,0,552
26015,PRE,0
26017,ACT,0,536
26030,PRE,0
26042,ACT,0,536
26053,PRE,0
26055,ACT,0,664
26068,PRE,0
26080,ACT,0,664
26091,PRE,0
26093,ACT,0,665
26106,PRE,0
26118,ACT,0,152
26129,PRE,0
26131,ACT,0,24
26144,PRE,0
26156,ACT,0,24
26167,PRE,0
26169,ACT,0,536
26182,PRE,0
26194,ACT,0,536
26205,PRE,0
26207,ACT,0,552
26220,PRE,0
26232,ACT,0,552
26243,PRE,0
26245,ACT,0,744
26258,PRE,0
26270,ACT,0,556
26281,PRE,0
26283,ACT,0,552
26296,PRE,0
26308,ACT,0,552
26319,PRE,0
26321,ACT,0,536
26334,PRE,0
26346,ACT,0,536
26357,PRE,0
26359,ACT,0,24
26372,PRE,0
26384,ACT,0,24
26395,PRE,0
26397,ACT,0,152
26410,PRE,0
26422,ACT,0,152
26433,PRE,0
26435,ACT,0,408
26448,PRE,0
26460,ACT,0,558
26471,PRE,0
26473,ACT,0,552
26486,PRE,0
26498,ACT,0,552
26509,PRE,0
26511,ACT,0,536
26524,PRE,0
26536,ACT,0,536
26547,PRE,0
26549,ACT,0,24
26562,PRE,0
26574,ACT,0,24
26585,PRE,0
26587,ACT,0,25
26600,PRE,0
26612,ACT,0,25
26623,PRE,0
26625,ACT,0,153
26638,PRE,0
26650,ACT,0,153
26661,PRE,0
26663,ACT,0,409
26676,PRE,0
26688,ACT,0,824
26699,PRE,0
26701,ACT,0,568
26714,PRE,0
26726,ACT,0,568
26737,PRE,0
26739,ACT,0,536
26752,PRE,0
26764,ACT,0,536
26775,PRE,0
26777,ACT,0,664
26790,PRE,0
26802,ACT,0,664
26813,PRE,0
26815,ACT,0,665
26828,PRE,0
26840,ACT,0,152
26851,PRE,0
26853,ACT,0,24
26866,PRE,0
26878,ACT,0,24
26889,PRE,0
26891,ACT,0,536
26904,PRE,0
26916,ACT,0,536
26927,PRE,0
26929,ACT,0,552
26942,PRE,0
26954,ACT,0,552
26965,PRE,0
26967,ACT,0,808
26980,PRE,0
26992,ACT,0,760
27003,PRE,0
27005,ACT,0,568
27018,PRE,0
27030,ACT,0,568
27041,PRE,0
27043,ACT,0,536
27056,PRE,0
27068,ACT,0,536
27079,PRE,0
27081,ACT,0,24
27094,PRE,0
27106,ACT,0,24
27117,PRE,0
27119,ACT,0,152
27132,PRE,0
27144,ACT,0,152
27155,PRE,0
27157,ACT,0,408
27170,PRE,0
27182,ACT,0,570
27193,PRE,0
27195,ACT,0,568
27208,PRE,0
27220,ACT,0,568
27231,PRE,0
27233,ACT,0,536
27246,PRE,0
27258,ACT,0,536
27269,PRE,0
27271,ACT,0,24
27284,PRE,0
27296,ACT,0,24
27307,PRE,0
27309,ACT,0,25
27322,PRE,0
27334,ACT,0,25
27345,PRE,0
27347,ACT,0,153
27360,PRE,0
27372,ACT,0,153
27383,PRE,0
27385,ACT,0,409
27398,PRE,0
27410,ACT,0,572
27421,PRE,0
27423,ACT,0,568
27436,PRE,0
27448,ACT,0,568
27459,PRE,0
27461,ACT,0,536
27474,PRE,0
27486,ACT,0,536
27497,PRE,0
27499,ACT,0,664
27512,PRE,0
27524,ACT,0,664
27535,PRE,0
27537,ACT,0,665
27550,PRE,0
27562,ACT,0,152
27573,PRE,0
27575,ACT,0,24
27588,PRE,0
27600,ACT,0,24
27611,PRE,0
27613,ACT,0,536
27626,PRE,0
27638,ACT,0,536
27649,PRE,0
27651,ACT,0,552
27664,PRE,0
27676,ACT,0,552
27687,PRE,0
27689,ACT,0,554
27702,PRE,0
27714,ACT,0,744
27725,PRE,0
27727,ACT,0,552
27740,PRE,0
27752,ACT,0,552
27763,PRE,0
27765,ACT,0,536
27778,PRE,0
27790,ACT,0,536
27801,PRE,0
27803,ACT,0,24
27816,PRE,0
27828,ACT,0,24
27839,PRE,0
27841,ACT,0,152
27854,PRE,0
27866,ACT,0,152
27877,PRE,0
27879,ACT,0,408
27892,PRE,0
27904,ACT,0,808
27915,PRE,0
27917,ACT,0,552
27930,PRE,0
27942,ACT,0,552
27953,PRE,0
27955,ACT,0,536
27968,PRE,0
27980,ACT,0,536
27991,PRE,0
27993,ACT,0,24
28006,PRE,0
28018,ACT,0,24
28029,PRE,0
28031,ACT,0,25
28044,PRE,0
28056,ACT,0,25
28067,PRE,0
28069,ACT,0,153
28082,PRE,0
28094,ACT,0,153
28105,PRE,0
28107,ACT,0,409
28120,PRE,0
28132,ACT,0,554
28143,PRE,0
28145,ACT,0,552
28158,PRE,0
28170,ACT,0,552
28181,PRE,0
28183,ACT,0,536
28196,PRE,0
28208,ACT,0,536
28219,PRE,0
28221,ACT,0,664
28234,PRE,0
28246,ACT,0,664
28257,PRE,0
28259,ACT,0,665
28272,PRE,0
28284,ACT,0,152
28295,PRE,0
28297,ACT,0,24
28310,PRE,0
28322,ACT,0,24
28333,PRE,0
28335,ACT,0,536
28348,PRE,0
28360,ACT,0,536
28371,PRE,0
28373,ACT,0,552
28386,PRE,0
28398,ACT,0,552
28409,PRE,0
28411,ACT,0,744
28424,PRE,0
