0,ACT,0,408
2,PRE,0
3,ACT,0,665
16,PRE,0
28,ACT,0,408
30,PRE,0
31,ACT,0,665
44,PRE,0
56,ACT,0,408
58,PRE,0
59,ACT,0,665
72,PRE,0
84,ACT,0,408
86,PRE,0
87,ACT,0,665
100,PRE,0
112,ACT,0,408
114,PRE,0
115,ACT,0,665
128,PRE,0
140,ACT,0,408
142,PRE,0
143,ACT,0,665
156,PRE,0
168,ACT,0,408
170,PRE,0
171,ACT,0,665
184,PRE,0
196,ACT,0,408
198,PRE,0
199,ACT,0,665
212,PRE,0
224,ACT,0,408
226,PRE,0
227,ACT,0,665
240,PRE,0
252,ACT,0,408
254,PRE,0
255,ACT,0,665
268,PRE,0
280,ACT,0,408
282,PRE,0
283,ACT,0,665
296,PRE,0
308,ACT,0,408
310,PRE,0
311,ACT,0,665
324,PRE,0
336,ACT,0,408
338,PRE,0
339,ACT,0,665
352,PRE,0
364,ACT,0,408
366,PRE,0
367,ACT,0,665
380,PRE,0
392,ACT,0,408
394,PRE,0
395,ACT,0,665
408,PRE,0
420,ACT,0,408
422,PRE,0
423,ACT,0,665
436,PRE,0
448,ACT,0,408
450,PRE,0
451,ACT,0,665
464,PRE,0
476,ACT,0,408
478,PRE,0
479,ACT,0,665
492,PRE,0
504,ACT,0,408
506,PRE,0
507,ACT,0,665
520,PRE,0
532,ACT,0,408
534,PRE,0
535,ACT,0,665
548,PRE,0
560,ACT,0,408
562,PRE,0
563,ACT,0,665
576,PRE,0
588,ACT,0,408
590,PRE,0
591,ACT,0,665
604,PRE,0
616,ACT,0,408
618,PRE,0
619,ACT,0,665
632,PRE,0
644,ACT,0,408
646,PRE,0
647,ACT,0,665
660,PRE,0
672,ACT,0,408
674,PRE,0
675,ACT,0,665
688,PRE,0
700,ACT,0,408
702,PRE,0
703,ACT,0,665
716,PRE,0
728,ACT,0,408
730,PRE,0
731,ACT,0,665
744,PRE,0
756,ACT,0,408
758,PRE,0
759,ACT,0,665
772,PRE,0
784,ACT,0,408
786,PRE,0
787,ACT,0,665
800,PRE,0
812,ACT,0,408
814,PRE,0
815,ACT,0,665
828,PRE,0
840,ACT,0,408
842,PRE,0
843,ACT,0,665
856,PRE,0
868,ACT,0,408
870,PRE,0
871,ACT,0,665
884,PRE,0
896,ACT,0,408
898,PRE,0
899,ACT,0,665
912,PRE,0
924,ACT,0,408
926,PRE,0
927,ACT,0,665
940,PRE,0
952,ACT,0,408
954,PRE,0
955,ACT,0,665
968,PRE,0
980,ACT,0,408
982,PRE,0
983,ACT,0,665
996,PRE,0
1008,ACT,0,408
1010,PRE,0
1011,ACT,0,665
1024,PRE,0
1036,ACT,0,408
1038,PRE,0
1039,ACT,0,665
1052,PRE,0
1064,ACT,0,408
1066,PRE,0
1067,ACT,0,665
1080,PRE,0
1092,ACT,0,408
1094,PRE,0
1095,ACT,0,665
1108,PRE,0
